3838
3838
3838
3838
3838
3838
3838
3838
3838
3838
3838
3838
3837
3837
3837
3837
3837
3837
3837
3837
3837
3837
3837
3837
3837
3837
3837
3837
3837
3837
3837
4513
4513
4513
4513
4513
4513
4513
4513
4513
4513
4513
4513
4513
4513
4513
4512
4512
4512
4512
4512
4512
4512
4512
4512
4512
4512
4512
4512
4800
4800
4800
4800
4800
4800
4800
4800
4800
4800
4800
4800
4799
4799
4799
4799
4799
4799
4799
4799
4799
4799
4799
4799
4799
4799
4799
4799
4799
4799
4799
4374
4374
4374
4374
4374
4374
4374
4374
4374
4374
4374
4374
4374
4374
4374
4373
4373
4373
4373
4373
4373
4373
4373
4373
4373
4373
4373
4373
4373
4373
4611
4611
4610
4610
4610
4610
4610
4610
4610
4610
4610
4610
4610
4610
4610
4610
4610
4610
4610
4610
4610
4610
4610
4610
4610
4610
4610
4610
4610
4610
4610
4460
4460
4460
4460
4460
4460
4460
4459
4459
4459
4459
4459
4459
4459
4459
4459
4459
4459
4459
4459
4459
4459
4459
4459
4459
4459
4459
4459
4459
4459
4442
4442
4441
4441
4441
4441
4441
4441
4441
4441
4441
4441
4441
4441
4441
4441
4441
4441
4441
4441
4441
4441
4441
4441
4441
4441
4441
4441
4441
4441
4441
4294
4294
4294
4294
4294
4294
4294
4294
4294
4294
4294
4294
4294
4294
4294
4294
4294
4294
4294
4294
4294
4294
4294
4294
4294
4293
4293
4293
4293
4293
4293
4390
4390
4390
4389
4389
4389
4389
4389
4389
4389
4389
4389
4389
4389
4389
4389
4389
4389
4389
4389
4389
4389
4389
4389
4389
4389
4389
4389
4389
4389
3622
3622
3622
3622
3622
3622
3622
3622
3622
3622
3622
3621
3621
3621
3621
3621
3621
3621
3621
3621
3621
3621
3621
3621
3621
3621
3621
3621
3621
3621
3621
3588
3588
3588
3588
3588
3588
3588
3588
3588
3588
3588
3588
3588
3588
3588
3588
3588
3588
3588
3588
3588
3588
3588
3588
3588
3588
3588
3588
3588
3588
3668
3668
3667
3667
3667
3667
3667
3667
3667
3667
3667
3667
3667
3667
3667
3667
3667
3667
3667
3667
3667
3667
3667
3667
3667
3667
3667
3667
3667
3667
3667
