3824
3824
3824
3824
3824
3824
3824
3824
3824
3824
3824
3824
3824
3824
3824
3824
3824
3824
3823
3823
3823
3823
3823
3823
3823
3823
3823
3823
3823
3823
3823
5017
5017
5017
5017
5017
5017
5017
5017
5017
5017
5017
5017
5016
5016
5016
5016
5016
5016
5016
5016
5016
5016
5016
5016
5016
5016
5016
5016
4641
4641
4641
4641
4641
4641
4641
4641
4641
4641
4641
4641
4641
4641
4641
4641
4641
4641
4641
4641
4641
4641
4641
4641
4640
4640
4640
4640
4640
4640
4640
4658
4658
4658
4658
4658
4658
4658
4658
4658
4658
4658
4658
4658
4658
4658
4658
4658
4658
4657
4657
4657
4657
4657
4657
4657
4657
4657
4657
4657
4657
4200
4200
4200
4200
4200
4200
4200
4200
4200
4200
4200
4200
4200
4200
4200
4200
4200
4200
4200
4200
4199
4199
4199
4199
4199
4199
4199
4199
4199
4199
4199
4662
4662
4662
4662
4662
4662
4662
4662
4662
4662
4662
4662
4662
4662
4662
4662
4662
4662
4662
4662
4662
4662
4662
4662
4661
4661
4661
4661
4661
4661
4540
4540
4540
4540
4540
4540
4540
4540
4540
4540
4540
4540
4540
4540
4539
4539
4539
4539
4539
4539
4539
4539
4539
4539
4539
4539
4539
4539
4539
4539
4539
5051
5051
5051
5051
5051
5051
5051
5051
5051
5051
5051
5051
5051
5051
5051
5051
5051
5051
5051
5051
5051
5051
5051
5051
5051
5051
5050
5050
5050
5050
5050
5248
5248
5248
5248
5248
5248
5248
5248
5248
5248
5248
5248
5248
5247
5247
5247
5247
5247
5247
5247
5247
5247
5247
5247
5247
5247
5247
5247
5247
5247
5188
5188
5188
5188
5187
5187
5187
5187
5187
5187
5187
5187
5187
5187
5187
5187
5187
5187
5187
5187
5187
5187
5187
5187
5187
5187
5187
5187
5187
5187
5187
4745
4745
4745
4745
4745
4745
4745
4745
4745
4745
4745
4745
4745
4745
4745
4745
4744
4744
4744
4744
4744
4744
4744
4744
4744
4744
4744
4744
4744
4744
4799
4799
4799
4799
4799
4799
4799
4799
4799
4799
4798
4798
4798
4798
4798
4798
4798
4798
4798
4798
4798
4798
4798
4798
4798
4798
4798
4798
4798
4798
4798
