3273
4863
5509
5261
5867
6057
7583
8078
8349
8958
8660
8536
8207
7838
8405
8270
7826
7801
7833
6334
5560
4464
3903
5482
5246
4601
3813
2460
2843
2803
2608
2300
1807
2056
761
1056
111
190
204
36
144
389
393
1584
2497
3201
4484
3423
2348
2908
5144
3287
2918
4109
2093
2850
956
175
369
1366
1890
3004
3304
3561
2764
1764
2328
4052
3289
2712
3395
4050
4717
5311
3655
2512
3198
5405
4675
4315
1703
4740
5201
3245
6341
6810
7471
7994
8085
8675
8783
8267
8789
6580
6623
5199
5052
5579
3251
6750
7011
5411
4790
4337
4094
2927
2583
483
667
1259
4686
4163
5588
4359
4312
3237
4417
4112
5024
4439
4815
4814
5529
4738
4394
5249
5722
6602
6199
6897
6883
6704
5995
6840
6823
6826
7649
7701
8579
8740
9000
9000
8473
9000
8665
7520
7966
8123
7392
7039
7417
7252
5970
5460
5050
6769
6053
7832
8285
7883
8270
7419
6876
8080
7434
8022
8730
9000
8420
7819
8180
8039
7726
8338
8445
8783
8650
8639
8527
9000
8861
8516
7966
7155
6307
6750
6441
7704
8829
8702
8376
7298
6620
6568
6143
6907
7007
8504
8056
6493
7090
6063
5421
5314
6516
6519
7267
8114
7662
8698
8164
8113
9000
8815
7987
8373
7538
6730
5484
5741
5511
5026
5511
6799
6801
5590
4827
4458
5348
6725
5776
4760
6320
5476
6299
7079
7255
6062
6807
5394
4569
4190
6297
5063
6448
6294
6929
7025
7790
5535
8158
6644
7421
7681
6119
5403
6976
7957
8833
8832
9000
8965
8995
8706
7232
7007
5765
5379
4416
3004
2575
3090
4861
2608
4337
4445
1920
1246
2373
3225
1547
1722
1212
553
610
210
404
35
378
945
1108
945
2295
3421
1253
477
565
276
779
3097
3845
4470
5920
3915
4576
4970
5284
3507
4222
1159
566
492
2005
3884
3344
2556
5109
5854
6154
8254
7654
7045
7017
7640
7347
7659
6859
5482
5524
4116
3904
3442
3389
3791
2586
1815
26
28
488
11
446
1168
1107
403
143
347
106
53
959
1293
1827
3212
4430
4390
4998
6147
7992
6988
5810
3515
4866
5316
6868
5021
3716
3682
3729
3394
4154
3569
3075
4530
4703
5140
5869
4881
4695
5010
4461
3117
1870
3561
3133
2318
1451
676
570
1149
1823
3447
3376
1285
1699
1157
1163
623
439
1720
1446
557
0
404
797
1247
796
975
1183
553
1310
1512
977
2290
4177
4985
4519
4242
4846
4909
5722
5607
5702
7518
8398
8369
8592
8615
6498
6716
6004
4440
4675
2391
2030
1551
1117
1536
2212
3286
3127
3495
3623
1903
1106
99
54
0
311
183
629
2891
4132
4587
6891
7573
7002
7133
6918
7485
7608
6317
6292
5224
5078
6601
5286
3849
2779
3161
2230
2562
3249
3939
3283
1957
3729
5180
4949
4164
3626
3103
3758
3704
4529
4924
5117
4789
4952
5763
6728
6782
6767
7505
7054
7226
6360
5868
2899
3267
4300
3554
6042
6542
7661
8353
7860
7283
6972
5383
3482
2415
3762
3810
4786
6877
7088
7507
7071
6878
6273
7144
7337
8204
8816
8574
9000
8690
7621
7359
5567
3500
4382
1956
680
1110
925
916
459
587
1296
453
69
369
499
1139
612
594
968
49
408
521
380
221
553
762
350
0
327
577
847
889
747
524
2
0
320
198
422
408
1489
1245
498
961
349
114
747
676
105
40
0
129
0
191
60
666
212
741
1227
1176
327
366
23
72
537
1184
1158
2807
2343
3603
4574
3757
1080
205
156
525
473
418
6
70
37
0
409
366
2342
2996
2012
2952
1167
2175
1840
1325
1170
0
1186
2026
3344
4508
2777
4117
3296
3929
2690
1603
1452
117
442
410
132
212
180
409
79
128
57
349
59
0
180
1454
1507
963
128
674
415
509
113
317
350
150
1349
1787
2031
313
737
748
969
406
0
14
182
98
687
637
511
691
1225
384
1473
2472
1382
2701
1858
1396
1581
2532
3114
2869
2414
3292
2985
3408
2426
1887
2384
2424
2116
1518
665
877
857
131
262
339
1348
381
1207
865
1255
1874
2262
1646
1601
1532
1181
288
465
361
885
293
640
1394
3158
1848
5065
5013
5417
5185
4189
3068
3825
4002
3739
3517
3407
4012
3905
5121
4729
6213
3032
2765
3911
5670
5856
4846
2565
2150
316
752
1318
1358
1292
542
1023
1228
479
859
176
517
38
231
0
262
475
1110
952
1315
1340
1263
1163
1009
1018
3101
3122
3684
3148
3311
3333
4501
4040
5740
6297
7622
8661
8568
7458
7216
5868
6420
7364
6642
5876
5379
3644
3284
3811
3123
1815
1355
472
34
711
637
1520
1000
669
248
118
82
89
105
0
41
25
171
55
63
276
1256
1068
745
1364
1763
1208
612
1306
542
1774
1752
2211
2176
1683
2506
663
664
664
440
152
0
339
104
275
1416
506
916
548
858
589
552
24
281
909
411
586
623
895
1044
2334
1814
1684
2210
1739
2458
2304
2085
2998
2109
1547
2470
2979
3281
3764
4757
5167
4333
3319
3432
2186
1454
2142
852
546
71
99
204
550
2338
3202
4232
4369
4516
4200
3648
3337
4605
5257
4239
4757
5814
6960
6698
6182
5356
4044
5461
6048
7821
8279
7933
7747
7220
5235
4745
3126
3840
4986
4139
5282
4742
5103
3122
2196
2284
1135
698
1023
0
136
1235
224
19
179
200
331
892
1157
90
160
24
118
29
410
247
75
51
0
36
179
19
172
0
110
0
25
0
218
155
107
432
390
240
25
95
0
59
286
338
36
7
0
68
41
312
193
892
1905
3626
3854
2743
1806
1161
587
1041
1409
683
124
88
283
0
187
75
97
361
259
40
291
1319
1738
577
837
3040
3475
4063
5066
5874
5850
5030
6440
5954
5293
5500
6288
4991
4946
6929
6183
4609
4958
4837
4340
3799
4955
5407
4235
4459
6005
6871
6948
7164
8358
8097
8006
7812
8632
8262
7947
7549
7150
7741
8277
7855
6532
6778
6681
6437
5004
4844
6599
6727
7275
7310
7805
7847
8437
7084
7686
7254
7722
5913
5576
6134
6321
6763
7678
7108
6154
4985
3150
4633
3708
3491
2126
2328
2451
1506
1343
1293
1471
845
1539
2992
1844
2128
1390
730
478
591
693
164
24
27
47
282
90
113
169
511
83
223
366
31
57
166
806
1912
2175
2098
2825
4811
3881
5062
4242
4311
4797
5029
3575
2743
2672
3565
4056
4938
4934
2324
1476
3617
4950
5683
5460
6658
6588
6139
4502
3333
5731
3371
3310
3588
2207
3556
4332
2322
250
158
16
524
465
354
634
561
678
159
796
834
300
33
29
173
190
353
548
1237
1788
800
1872
3038
4302
3992
3022
4045
3829
3089
4962
7923
6880
6099
5966
4059
4579
5117
4193
3083
4116
4910
4802
3944
3944
4151
5428
6250
4893
4212
5145
5234
4032
4194
4881
5978
3849
2644
2473
1576
1649
2875
3731
3186
2805
3904
3282
2004
1745
2784
2210
2242
2798
2738
1973
1590
1350
1014
2119
3215
2390
2219
1612
1032
689
396
291
203
0
36
377
0
0
128
121
384
337
655
1876
2546
3007
1947
2450
2540
1013
1869
2139
1809
1854
1048
41
107
222
22
35
130
787
1024
810
91
9
40
37
347
517
1059
0
74
397
843
1324
2234
2168
2176
2013
346
52
0
30
59
0
174
480
325
434
28
309
702
388
376
494
1374
2188
257
996
1393
1026
730
574
395
418
1146
1366
1227
1720
2207
3056
4428
3097
2688
1595
2485
3290
1423
564
3
45
530
1007
1058
1798
2686
3105
3879
3796
4111
4989
4954
4504
4167
3823
4206
1951
4456
3874
6177
5235
4671
4305
2245
1891
1800
1069
870
1018
793
686
570
1508
1550
1916
1899
2586
1788
2189
2274
2792
2314
1861
1157
1144
1412
2690
1894
1150
1150
438
235
39
435
910
1881
2506
1352
714
604
305
21
472
813
894
1354
1892
3476
2230
2016
3207
3611
3987
3702
3728
4837
5485
5177
3954
4085
5211
5737
5245
5372
4135
3987
2835
2781
3665
3400
2980
2630
2928
3276
4717
6878
4574
2653
1856
2392
2603
3380
3230
3897
2448
1855
2190
2210
2722
3407
2940
3612
3322
3006
2873
2881
2608
3109
4483
3744
4153
6018
6167
4357
3547
3084
2829
2624
1900
711
586
1591
3337
3864
5243
5871
4556
6780
6134
6016
5834
6672
6929
6565
5820
5037
5148
6140
5798
5406
5178
4727
5241
4479
4946
5615
5554
5233
4730
6766
7566
5698
4951
2111
1785
295
30
267
66
128
1014
1901
1340
1210
1937
2441
1516
516
1089
1241
1435
1061
1353
1607
1291
2110
2971
1929
3381
3428
4161
5200
4284
4434
4571
5509
4560
3550
3505
3102
2708
2983
2054
1516
600
90
123
773
759
572
1035
1367
1464
2253
3063
3642
3587
3386
2198
2089
2081
1784
1307
1513
1524
2140
2545
2825
1757
2143
2044
3058
3408
3873
4772
4115
3066
2896
4369
4410
3988
4008
3073
3251
2599
3199
2116
419
946
718
661
800
1077
964
208
0
443
0
60
58
65
0
152
100
240
278
376
912
1859
1841
2772
3305
2232
1230
2378
1743
2114
1899
1502
2385
3203
3047
3455
4688
5013
4824
6045
6513
6839
6246
4073
4564
2800
1773
2409
2981
3147
2649
1755
2239
990
876
992
685
512
668
438
2106
2435
3419
4266
4297
5755
6025
6640
7118
5802
5274
5153
4993
4050
3738
4199
4829
4725
3782
3556
4303
2628
3034
2779
1569
828
1221
1506
2008
1809
1808
530
281
181
106
155
588
72
0
193
394
22
95
315
500
278
112
455
586
309
60
312
212
194
349
8
170
13
78
347
1275
1779
1207
1572
592
757
1627
1044
945
1130
1158
1651
1291
1316
1225
521
924
1435
2461
2406
2363
3008
3178
2992
1956
1917
1325
1318
2206
2388
2904
3086
3475
3899
4101
5227
6199
6008
5074
5731
6627
7854
7271
6586
5891
4459
5430
5826
5606
5239
4469
6007
5739
6147
6206
6284
5869
5513
5590
4256
5098
3807
3633
4106
3948
4093
4623
3481
3641
2888
2650
2341
1783
3398
2669
2621
2932
3636
3562
3546
3238
3022
2997
4085
4896
5945
5556
6267
6063
6367
6044
6438
5278
4688
4849
4993
4983
4648
2992
2780
2519
2613
2689
1592
1827
1645
1379
2371
2208
3009
1212
1637
1685
1889
1201
1573
2085
1355
1248
1049
99
276
576
319
145
338
279
417
801
1265
1199
1342
1255
2121
1917
3338
2971
3031
4165
3330
3412
2224
1676
1037
1040
609
664
1288
938
2161
2801
3795
4262
3632
4088
4570
5596
4739
5125
5559
5416
5919
4244
3776
2670
2160
2108
1309
1434
1852
1648
2447
1846
2062
1954
1512
1457
1790
975
986
1029
1675
3454
2428
1794
1670
724
591
968
979
1671
1802
952
504
129
98
114
116
43
16
402
127
325
281
710
1156
1390
1542
1439
1941
1511
1449
1512
1728
775
1681
2186
1722
2613
999
1080
1605
1934
2390
2558
3385
2658
1802
2213
1930
1769
3162
2376
1652
884
1030
1945
2038
1403
740
404
125
336
599
1167
1637
1540
1829
1269
607
1011
1541
1145
1191
1791
1208
1319
287
511
528
666
1105
2106
3454
3639
3403
2425
1960
1821
2429
3330
1384
1115
1949
1414
771
201
391
308
785
984
170
499
143
89
125
346
613
451
457
406
570
754
168
78
186
397
8
232
63
350
203
526
1016
990
1522
585
848
1589
1655
1886
1612
1111
517
1070
2090
1690
1832
1914
1117
1987
1713
366
434
133
23
220
418
1139
478
624
100
566
879
346
343
408
1100
1353
2038
2122
2538
1940
2869
3049
718
521
758
1129
1704
642
627
1115
1718
1644
1245
1173
1285
1526
1288
1761
1148
1092
290
552
556
1336
431
1484
2516
4238
4010
4114
3724
2609
1800
1812
750
622
329
616
339
1541
2060
1760
557
468
0
283
26
43
0
157
310
611
723
1364
778
1534
3480
5220
5766
4819
3594
3110
2361
3080
3250
1286
1354
306
872
1738
1791
1739
1831
2302
2032
1217
672
402
276
22
0
89
38
72
177
905
797
1156
1337
1135
1349
3019
2199
3353
3767
4108
3449
4579
5085
6791
6841
7525
4942
4504
4080
4017
3620
3847
4202
4459
4383
4273
5123
5343
6020
4839
5309
6115
5849
6299
4939
3838
2919
3500
4885
4786
3201
2411
2535
1411
2363
1761
2822
2450
1622
1147
927
493
384
78
108
182
67
92
35
21
368
978
1547
1042
1537
1169
688
714
1025
1762
1194
170
64
214
503
788
208
23
215
176
740
1091
893
1626
1827
1634
2211
2394
1751
1245
1211
1315
1357
2294
1516
2207
2310
1387
1054
990
354
208
129
200
309
557
592
1297
1724
2495
1756
1277
1028
1863
1335
1534
1086
2297
1693
1095
1108
384
114
25
149
158
15
229
340
249
322
592
958
1536
1182
1090
618
983
1433
1565
1608
1391
1824
2002
1747
1372
1397
1633
1204
1272
1207
1431
2501
2440
2977
3799
3006
2285
1087
1825
2844
4721
3693
2653
2199
1396
2418
3319
3039
3115
1676
1931
2206
2543
3326
3277
3859
4340
4761
6652
7912
8598
9000
9000
9000
8555
7056
6264
6769
6608
6027
5778
4930
4704
6142
6253
6934
6768
6704
6369
5305
4336
5022
5602
3509
4343
5136
5475
7024
6554
7694
6435
6073
6331
6545
6942
6072
6215
5732
6592
6482
6915
6829
6841
6900
6575
6264
5390
6642
6907
6748
5253
4267
4772
3192
2794
1912
1956
1651
2036
2109
1007
1608
1916
1668
1935
965
880
187
204
273
0
110
657
429
280
24
122
120
29
230
428
320
86
3
102
17
80
884
965
526
819
198
263
707
1340
1567
2003
3178
2755
2438
2429
3058
1269
1536
1131
1052
951
1574
1548
433
760
818
727
363
247
306
593
822
1698
332
275
293
786
330
978
647
1019
875
1006
2095
1515
1593
2751
1801
1136
474
390
109
207
305
53
102
159
45
191
732
1288
1975
2920
2186
4280
4321
3421
3200
2565
2496
2717
2356
2945
1802
1424
1787
1434
2197
2763
2845
3575
3223
3818
5410
5863
2576
2623
1953
1754
2423
2503
1977
2220
2472
2017
1426
1008
1361
641
1135
1234
1174
1318
1184
1374
2515
2522
2375
2041
1580
2832
2577
2184
1541
1920
2198
2378
2914
3048
3462
3388
3453
3893
3843
4551
3519
2222
1742
2703
2471
1059
1226
930
487
66
25
55
95
79
149
24
168
49
17
125
114
148
34
71
13
28
92
129
93
87
84
38
36
177
504
1287
549
1202
485
888
530
257
42
297
528
652
387
124
421
21
146
272
47
265
410
204
444
77
324
362
427
769
703
191
688
103
325
105
0
189
18
56
253
395
161
0
62
660
531
1066
835
65
166
389
668
159
216
776
604
842
433
141
0
30
16
278
841
612
713
1506
1106
499
597
71
157
73
309
471
240
64
22
107
141
0
185
268
249
301
52
114
32
13
86
12
227
403
583
1605
1595
1540
727
153
456
386
811
530
24
40
31
70
183
21
132
224
540
1223
1460
1420
1059
460
651
1196
1049
843
739
224
49
66
14
19
154
102
0
86
323
376
450
713
861
2192
1994
1683
1410
1685
3108
1488
1847
1383
718
756
544
429
182
179
591
511
2222
2213
2207
1519
1949
1494
1444
1626
1018
680
2323
1393
1805
1378
1023
3261
3197
2992
2052
3169
3239
4223
3251
3775
4215
4905
4436
3875
3712
3547
4473
5288
6122
6773
8266
9000
8880
9000
7106
6629
5092
4662
3074
2686
2757
2903
2596
2864
2181
2429
1210
943
652
678
565
688
334
411
64
435
551
939
2005
1948
2107
1851
1138
1139
1213
2174
2127
2675
1763
2279
2273
1910
1457
1698
1275
1171
782
1080
1993
672
2245
1726
1968
894
2178
2579
2026
2123
2693
3089
2731
2805
2877
3132
3834
3590
3884
3850
4002
4844
5840
6264
5585
6387
6198
6158
5414
5774
4098
3654
2625
2668
2169
2513
2828
2664
2834
3559
3017
3157
2744
3453
2526
4039
3728
3197
2223
2463
2784
3359
4082
3507
3144
1285
404
693
737
12
8
13
15
171
578
406
292
133
483
14
107
366
814
1674
1222
1893
3053
3372
3750
3248
2548
2110
3610
2393
2499
2610
1854
1759
2398
2609
2602
2689
2683
2814
3356
4376
4340
3558
3265
3328
3624
5345
6223
4897
3835
3462
2915
1765
2099
2017
1290
1655
1741
899
1356
2366
2348
1780
1716
1817
3798
876
862
71
158
275
30
107
434
257
275
51
724
491
618
2060
1830
966
2497
2461
3675
4717
6951
6130
5501
5868
6212
7580
7411
6459
5070
5043
5126
3732
3581
3858
3284
2385
1620
1611
1884
1821
2125
2474
2830
3363
3607
5018
3090
2812
2796
4906
5876
6961
6544
5902
5420
4816
5487
6670
5530
4961
5527
5771
6449
6216
5642
4358
3573
2912
2908
2475
1739
1594
3627
1110
410
264
233
378
105
536
77
390
953
403
198
189
65
55
28
128
716
1688
3214
3854
3629
3643
2743
1760
1878
404
1479
2124
1512
1433
1514
1844
2953
3971
4531
4650
3747
3123
3400
2966
3088
1298
422
0
0
101
82
394
506
428
251
103
460
307
622
1138
669
19
33
48
481
4
121
55
46
27
349
752
1510
190
572
534
405
171
0
0
299
127
62
107
14
226
565
175
133
137
531
794
668
1596
2120
2105
2835
4508
4795
4836
5333
4660
4368
3482
3223
4251
4710
4871
5154
3708
4022
6106
6201
5703
4967
4665
3758
4417
5405
5448
3964
5896
4382
3830
4906
5923
5642
4758
2641
2903
2605
2296
4062
2329
2257
2512
1218
1577
2361
2116
2322
2248
216
106
198
282
56
263
44
334
645
1567
1793
1988
1552
1686
856
217
315
200
928
622
1131
1033
1524
914
1765
2693
3168
3611
3516
4809
4902
4035
2881
1140
1295
2562
1730
1991
2902
2549
4250
5103
5123
4015
4817
5795
6560
6571
7039
8528
9000
9000
9000
8874
8110
8472
7440
7823
7100
6887
5830
6745
5110
4479
2992
4148
3535
1064
1051
1004
2280
3044
1461
1074
1750
1284
521
2209
1748
1600
1062
810
1622
1271
150
103
294
472
345
1304
1411
2262
2561
3294
4003
2872
1146
0
55
98
465
172
621
563
0
31
82
442
25
38
35
86
268
269
348
349
604
1493
1533
2695
3476
4112
6182
3887
4219
5737
5913
4515
5334
3851
2938
2592
2570
1696
2125
1216
1606
949
393
396
1202
1063
2341
2118
1343
561
767
1696
2865
2487
2988
4462
2932
2842
3079
4745
4077
2434
4487
4441
5004
3960
3889
5974
4663
4841
6105
6075
5050
3727
4126
5767
7667
6404
7648
7316
7519
6116
5982
4409
3354
4565
4124
2333
2788
1927
3020
2586
1742
2895
2018
3014
2123
4431
2644
2125
2859
1810
1241
1264
2786
1297
764
238
110
73
263
604
74
141
370
100
142
77
83
16
20
541
1043
1527
220
323
0
19
373
767
1056
930
534
808
1441
1210
1921
1675
1706
1766
984
567
259
578
1155
1746
1410
932
1123
2421
3803
6244
7003
7308
5845
7036
6825
5663
4793
4361
5224
4917
4511
3688
4695
5679
6372
5214
4869
5929
6341
7329
7770
9000
6840
6076
6076
5702
3562
4086
3953
3135
3192
3893
4422
3202
3877
3051
2910
3179
3083
2565
2044
139
45
492
1364
1594
2097
3427
3014
1782
847
996
1307
1060
425
929
186
0
182
116
102
38
137
3
35
15
110
657
657
791
1337
1338
3390
2160
1797
2056
1066
776
137
193
318
331
0
7
55
10
253
33
304
69
79
120
0
14
45
271
410
250
400
914
436
483
671
923
837
298
10
196
0
39
30
22
0
152
194
112
65
636
539
1330
799
669
25
29
242
534
257
17
425
1694
1990
1072
1261
2026
1723
1795
3600
2977
1998
1658
948
1863
2990
1800
2430
768
969
587
19
350
26
252
1303
988
1752
3025
2818
2930
3076
3086
3311
3230
4719
5074
3469
3417
6167
5688
4791
3725
2744
2849
3085
4238
4023
5161
6341
5071
3146
3226
4207
5618
4729
5783
5101
5966
4410
3953
2214
1669
379
399
390
878
777
405
185
0
0
119
84
294
197
205
669
1009
1206
1716
969
1229
316
12
87
222
0
0
173
556
463
237
523
743
1406
1691
2606
1705
924
246
1264
510
744
381
104
18
743
1833
1397
411
1281
841
1351
1411
583
1143
2021
1654
1773
2197
2903
2866
3750
3246
4535
4170
3289
2009
1997
2075
3363
1880
1435
1245
291
46
584
199
45
21
58
152
0
168
53
116
83
438
216
37
112
1425
1919
2672
5520
6509
6571
6108
7019
7692
5750
6311
4820
4005
5056
5828
5719
5076
4776
4967
4474
4227
3939
4412
4957
5253
6079
6996
7683
7627
7489
7987
7421
5805
6049
8236
7225
6754
6134
4991
3693
3283
3100
3440
3783
3670
3285
2617
2615
2546
3200
4295
4727
3803
4276
2652
3450
3163
2682
2202
2892
2990
2737
2982
2695
866
881
1323
1032
820
271
547
1019
1465
1589
1876
2120
1886
2831
1806
2241
2416
1968
2667
1552
1852
1847
927
848
696
592
669
798
502
794
731
292
18
138
111
247
518
921
957
1579
2148
707
24
143
60
17
87
165
16
221
212
140
165
10
48
0
29
155
48
190
0
28
86
583
1309
1854
1048
189
123
70
22
144
524
772
946
623
560
487
446
1523
691
363
303
674
886
1000
498
1142
1293
1188
362
471
618
844
647
610
179
248
352
502
438
305
47
2
0
114
777
285
714
1023
2158
1809
1523
1358
1262
562
471
923
933
639
548
1004
604
604
586
1058
861
2040
2209
1648
3689
4020
3918
5351
7328
5013
3932
3351
2527
2296
1868
2407
1825
2475
3205
3439
3305
4022
2297
2883
3986
3861
4060
3912
4674
4693
5991
4146
2974
3084
4573
4279
3681
2557
2149
1982
1990
2158
1845
1523
1474
760
739
1214
1027
1322
1446
1832
1624
834
843
445
287
481
1597
1117
1358
625
322
49
105
103
0
34
60
142
61
299
162
545
426
0
133
126
416
444
686
1379
1351
2299
2270
1121
985
284
239
242
132
265
0
10
11
54
221
97
18
148
274
311
52
197
664
1134
1608
1741
1401
1150
1483
2104
2751
2587
3284
2631
3618
3214
3790
2967
2950
2290
2908
3487
5009
5536
5838
5643
5733
6907
6171
6371
5164
5726
5674
4987
6030
6138
6089
6481
5778
4739
4772
4721
4469
4862
5553
6208
4677
4633
3973
4050
4154
4009
3284
2565
2627
2956
2785
2293
2852
3043
1735
1973
2484
2061
1142
871
337
360
627
654
893
598
320
441
509
854
711
476
245
89
19
156
73
259
5
13
260
578
1171
715
796
1126
734
712
1043
1595
1002
1238
1252
961
1178
872
1301
1190
1390
2719
2320
2559
2562
2454
4175
4557
4080
5152
5193
4282
5247
5052
6311
4749
4757
4531
4208
4086
4980
6316
4542
4204
2505
2410
2286
1722
1042
574
484
140
128
12
27
169
11
0
12
15
88
375
534
290
475
994
1257
1119
263
766
557
1085
1511
1831
2666
2507
1802
1602
2242
2748
2594
2767
3793
6498
4913
6152
5460
7398
6976
4882
2892
1360
449
521
266
338
124
16
33
81
4
133
16
40
4
20
185
145
18
253
552
963
1399
1186
1074
1599
1047
2289
2500
1696
1252
1224
1343
1310
1884
1909
2758
1536
2345
2707
3880
2496
1094
935
1368
560
453
99
291
239
491
1078
1549
929
990
1916
2468
2463
1671
358
281
1383
2490
1369
2096
3409
4253
5062
4836
4470
4379
4272
4020
3506
2922
3281
3182
2018
2385
1544
1947
2249
2144
1795
1639
1296
1059
722
663
293
22
0
22
134
146
45
82
248
403
526
395
458
512
614
1232
786
1207
501
668
501
593
36
245
128
343
650
546
531
763
858
794
710
212
472
216
287
706
1018
1659
2630
3201
2627
2826
3998
4325
3076
2756
2999
1398
993
657
198
89
580
554
1136
813
134
0
70
129
419
605
1079
1331
1716
1035
1307
1855
1196
1626
1487
1005
2063
2175
1023
1193
11
87
278
396
516
57
0
133
763
1187
883
708
1148
924
1359
1645
2126
2105
2684
1316
1190
544
667
509
826
174
17
140
42
541
1353
492
278
533
533
238
169
600
408
326
254
423
73
257
479
97
151
111
55
242
188
490
260
129
28
97
48
281
173
148
70
35
154
457
369
478
541
21
36
370
388
584
635
141
103
53
53
176
0
397
146
142
171
330
246
206
398
51
154
314
374
0
149
453
222
184
16
258
16
289
234
351
306
211
223
8
28
70
83
10
0
0
161
148
47
94
51
158
113
21
60
108
137
374
446
1472
2144
1958
1205
1144
879
1125
1697
1956
2005
1756
1723
2105
2284
1150
896
1589
410
253
289
43
505
510
550
904
560
642
599
751
1205
1538
1764
2410
2710
3852
4069
4015
4407
3748
3975
4830
3425
2259
2441
2664
2674
3246
3779
4097
3077
3198
4289
4302
3277
2517
1974
1656
2158
1875
2789
3236
3074
3365
3278
1376
1992
1037
1568
2120
1465
1075
1024
221
134
2
185
90
45
134
95
76
730
990
1649
1959
1490
997
623
702
2722
2501
3405
2363
2540
1777
1527
2405
2063
2685
3038
2524
1375
1234
1027
1327
1488
2467
2362
1192
1573
2180
2592
2223
2357
709
1077
714
973
120
85
77
9
5
23
103
99
175
53
14
45
0
92
426
747
392
290
141
68
174
59
175
9
11
311
528
337
395
830
2233
1840
2357
2045
1621
1108
376
1374
1691
697
556
0
0
426
47
13
318
535
738
832
861
1182
857
758
234
445
361
67
38
165
550
367
0
65
287
222
226
7
341
16
67
136
149
99
715
1359
1735
1285
1354
1503
1063
1432
2362
3442
3931
3843
2429
2850
3645
2419
1386
1188
2440
1879
624
278
330
185
178
799
968
622
580
858
922
727
317
621
681
2361
2277
2571
1872
1453
2839
2677
2436
1991
1579
923
597
636
356
655
709
391
580
845
1136
628
525
288
339
807
415
170
46
46
0
199
0
105
702
318
494
338
811
1078
998
1148
642
969
295
829
820
768
818
977
290
347
449
440
47
31
66
348
954
1208
1182
1942
1836
2078
1568
2087
1821
1122
2441
3519
3253
1637
1993
3045
3025
2939
2894
2818
2077
1433
1259
2548
1121
1625
2202
2045
2709
2920
1662
792
1203
1350
931
1452
1358
1515
1522
1221
1518
518
372
154
795
1988
1523
1464
522
12
405
675
645
367
60
306
619
231
184
284
231
10
16
34
423
1194
671
497
449
1240
2726
2223
1671
2074
2006
282
202
296
820
1590
3083
2706
2112
3264
2704
2224
3501
4516
4918
3316
4094
6020
4802
4541
4387
3143
2352
2832
2889
3064
3450
3319
3194
1826
2284
1911
1987
2285
2080
1993
3239
3377
2554
2000
1155
1612
1899
1043
1318
1043
1170
1361
699
762
896
426
9
18
29
108
193
78
61
8
113
26
155
17
175
405
433
945
162
49
15
23
97
289
280
134
75
204
42
177
384
483
570
384
580
833
1123
1200
1222
476
1047
836
1676
1090
1037
1551
823
937
1425
927
889
720
774
175
183
424
477
519
811
1421
730
2301
2003
1129
705
564
692
768
983
946
435
6
15
14
212
131
30
62
148
111
175
67
64
289
306
60
216
450
928
1192
470
893
970
294
225
84
223
813
1089
1408
1781
1951
1980
1293
1338
2146
868
345
1170
1694
2911
3113
3314
2776
2343
2592
3703
3185
3362
3244
3938
3408
3207
2240
1997
1903
2417
2201
3381
1906
2278
2826
2887
4478
4776
4829
5094
5345
5493
3967
3116
2941
1870
2045
2222
2637
1668
1572
1267
562
746
836
409
231
347
641
1721
1304
1519
3032
2994
3331
6012
4954
5210
5371
5183
6234
7186
5913
6221
5295
3986
3598
3712
3152
3069
3654
4343
4663
3835
4036
4788
4252
4711
6467
4999
2270
1734
1215
1727
1944
2019
762
693
817
982
438
88
16
0
56
85
789
993
953
620
586
1094
638
259
142
55
92
17
251
85
269
524
294
148
45
127
138
275
933
2681
1678
1797
2134
3373
2385
2757
3165
3420
3596
2692
2425
1453
762
837
1091
2073
2193
2177
2496
1933
1193
1406
869
347
397
34
150
91
266
689
411
291
37
10
12
14
121
83
275
551
887
1159
712
553
1003
1157
1459
1811
1599
2120
2435
3213
3431
2602
2206
2205
2459
1848
1142
671
897
933
1388
1196
1111
1081
1543
1440
2540
2293
712
911
735
981
1451
686
476
197
391
379
0
53
144
326
246
896
1273
1902
1711
1735
1947
2402
2103
2903
3264
4209
3558
3517
4280
3889
6049
7117
6226
7808
8087
8245
7099
7601
6512
6265
6934
7465
7001
6901
6981
6029
5266
6274
6276
5072
4996
6150
6922
7664
8503
8926
7553
7483
6415
4174
2677
3197
2579
1838
2306
3168
2600
3927
4427
3392
3237
3126
3488
2684
3400
3281
3338
5116
5185
4937
4281
5500
2830
2306
3176
3146
2346
3045
2307
1877
1589
2559
3028
3135
1803
3768
3910
5056
5039
5891
5249
5491
5301
3569
6818
7093
6343
5591
5163
6043
7037
7284
7009
6619
4979
5497
5653
4571
3901
2456
3201
2314
3454
4887
2947
3333
2040
1679
2102
2891
1496
1317
1007
882
1582
1009
1099
1078
1377
1663
1658
1792
2605
2343
1643
1442
990
387
827
2310
2995
4214
3489
3790
3321
3696
2285
2275
1245
948
1421
1961
1154
1327
110
138
426
418
775
1049
1259
2127
544
797
857
692
1515
1758
3021
1449
762
397
597
606
205
183
77
162
0
73
17
292
104
35
0
97
153
0
24
169
772
1027
1003
532
18
78
645
1614
1708
1924
1860
1842
2272
1843
1686
1954
1700
1384
1622
2893
2367
4390
3412
5055
4614
3363
3660
3463
4253
4557
5388
4511
4115
4419
4376
4163
4552
4595
4118
2136
2840
945
1035
1307
1245
1950
1907
4281
3257
3047
2524
3383
2426
2018
1761
1721
979
799
447
563
1169
464
370
445
894
892
509
465
1238
1307
512
1747
549
153
119
21
97
313
561
426
300
781
286
142
147
242
891
141
81
676
1038
784
373
26
83
311
258
413
415
284
20
1
149
0
126
98
164
0
71
68
35
120
93
452
1507
827
1292
2270
937
2243
3440
2497
4272
5043
4476
3565
2391
3437
2205
950
788
37
528
501
758
2512
3308
3634
4725
4265
4957
5193
7791
6965
5369
6276
5517
4840
4707
5263
4241
4601
5200
6037
5982
6032
4196
3254
1878
1066
1566
739
2195
2325
1712
1868
543
1482
742
268
77
804
881
301
81
30
231
45
167
109
485
619
858
1510
809
807
1729
1592
2554
2129
2769
3658
4670
4475
5176
3617
2994
1676
2069
1330
2165
1861
2056
1168
841
1030
1406
1680
674
1417
632
763
1894
1781
1794
2128
1824
1770
1898
1361
1742
1443
1206
1034
12
63
76
361
366
548
685
320
425
1053
1159
1168
1690
2546
1337
691
396
968
1318
2170
1964
1365
1489
1856
1776
1762
2647
1360
879
716
1653
2239
2726
3708
3626
3502
4115
6057
4807
4389
4236
4318
3535
3442
3638
1506
1136
1809
1672
3163
3131
2020
2386
2235
1435
1327
1291
1886
3028
4320
3258
3340
1454
2110
2126
1727
2410
1980
2154
2598
1372
1569
1033
756
685
678
232
138
347
1307
2608
3141
3841
3524
3098
4813
5042
3752
2043
821
102
59
249
66
61
70
37
61
436
1157
1330
2104
2680
2039
3025
2144
2371
1882
1924
3614
4619
3938
4177
3565
3472
3113
2371
1337
968
1193
2276
2014
2447
2423
2196
1906
1371
1125
1208
1286
2122
1478
2344
1925
3479
2638
2512
3227
2631
3024
4063
4268
4134
4402
4104
5154
3927
4766
4738
3439
2302
3913
4014
2914
2300
2569
2399
2294
3937
4180
5402
4176
3577
4568
3930
3802
3611
4238
3723
2458
1798
1582
1791
2703
3205
4288
4216
4968
4335
3756
4849
5064
5358
5235
4733
5519
5656
5493
5484
4484
4880
4229
5018
4387
3495
3084
3419
4000
3066
2725
2447
2936
4188
3874
2847
1914
1695
1561
3298
2102
1953
1641
1509
1360
1488
675
1032
803
1362
1476
1192
876
1031
410
588
508
1293
854
1236
977
2116
2227
1527
3067
3356
1680
1575
1093
1115
18
63
431
1936
1871
1190
2069
2518
2358
2507
2521
2860
4140
5993
5891
4737
5785
5127
4192
3819
4573
2951
3042
3766
3870
3129
3972
3991
5328
4636
4123
4286
4320
4286
3886
4438
3805
5353
4649
4340
3928
3102
2466
2389
986
257
191
87
96
0
2
45
0
8
54
115
237
762
717
765
751
1603
1921
2278
1798
1706
1348
2312
1537
1103
1281
926
867
598
182
353
18
75
104
350
468
703
542
202
223
213
454
31
230
320
809
394
520
433
419
745
1794
1499
843
1110
762
411
0
120
415
104
183
210
543
1403
1244
240
118
17
872
1009
319
293
552
867
451
304
537
449
517
816
20
100
113
302
594
724
1123
2328
3310
4310
2727
3208
3227
2997
4461
3379
2566
1465
1629
1715
1642
911
689
536
290
307
218
1077
800
909
1348
2292
2955
1888
1551
1212
859
581
402
300
304
236
218
910
1437
1819
1986
2128
1976
2581
3285
2050
1237
1496
1060
553
958
1386
958
421
765
1229
691
1140
1571
2269
2278
2129
1386
2242
2985
2863
3991
3707
3765
3158
2436
2618
4006
4555
3890
4208
2759
2831
2860
2063
2280
3308
1919
1363
1224
1356
708
782
344
52
71
74
85
180
477
618
266
719
397
679
49
137
372
1039
1345
634
1031
298
166
317
317
520
844
726
1130
1307
842
265
278
597
471
1318
2055
2066
1499
849
366
290
430
881
1661
1437
1466
1150
1023
1614
1871
1078
1268
467
1198
674
528
368
952
1285
896
1237
478
1188
1518
1949
1435
921
1002
872
1705
1041
319
571
279
497
864
547
367
386
314
433
431
651
572
614
881
1088
1279
1592
1528
1636
1964
2191
2358
2643
2305
1746
1338
1898
2013
1365
2340
2754
3099
2722
2282
3404
1828
1654
707
527
454
607
533
1124
558
711
356
502
292
364
212
94
467
392
0
27
103
591
639
994
1110
743
456
754
135
23
30
112
417
519
683
737
497
500
215
226
397
410
227
620
520
186
226
571
4
103
163
922
916
977
1414
2710
1872
1108
794
1159
2063
2192
2235
1831
738
302
17
133
57
80
289
269
226
763
2531
2006
1547
1892
3794
2973
3947
3381
3029
3240
3406
2873
3715
2997
3779
3101
3288
3367
2855
3101
3151
2369
2602
2068
2132
1902
2735
3365
3877
3342
2608
2054
1903
1605
1177
1864
1317
1799
1944
1520
2008
1864
2033
1940
1210
230
25
21
46
304
480
163
391
880
1694
1678
2490
2213
1741
1219
2246
2695
3312
4245
4709
5994
5661
5573
5872
6135
6408
5511
4166
3164
3725
1851
3625
3591
2178
2516
2761
3382
4464
3802
3763
2935
3192
5033
4527
6217
5720
6470
6879
7764
8040
7818
7912
8625
8313
8395
7624
7482
6994
6430
6166
5941
5727
6217
6468
6886
6874
5732
6187
6985
7275
8609
8899
9000
9000
9000
7749
8156
8074
8306
8133
7443
7425
7390
6408
6631
6207
5378
5560
6151
5526
5776
6353
5837
4809
5032
5746
4599
2205
2978
3150
2937
2331
2661
2626
2299
2424
2105
3036
3718
2759
3322
3233
3672
2771
3325
3783
3473
3892
4383
5456
5437
4379
5050
3846
3924
3335
3457
2647
2278
2404
2550
1708
2178
3384
3647
3645
3806
2688
2617
2654
2214
1960
3018
2411
2057
1863
3949
4907
5134
5844
5957
4400
4673
4492
5071
4804
5507
5279
4698
4306
4230
3900
3611
4087
3604
6068
5274
5245
5026
5150
4367
5397
5362
4949
5552
5625
5999
5635
4360
3260
2999
3225
3120
2754
2030
1205
911
884
1176
1070
1393
1529
1418
2063
1338
1261
1646
2460
3205
2318
2770
2032
1460
1414
1200
919
773
590
617
340
317
342
336
459
495
653
1421
1346
2795
1215
667
317
282
647
1085
296
100
161
163
116
281
207
701
725
1299
1483
2235
3914
3744
3439
3647
3063
1419
526
659
337
99
66
65
139
434
464
571
498
538
510
764
364
457
1259
909
1659
1632
1523
2783
1626
2484
2382
1855
831
923
825
466
83
29
0
4
158
17
21
69
190
210
371
552
731
1816
680
810
778
186
184
240
880
107
139
77
87
516
1039
584
724
226
688
701
1737
911
201
20
95
233
76
380
565
399
626
827
1306
2126
2238
2057
2448
2832
3920
2993
2342
2998
2340
1982
2688
3037
3461
3359
5480
6060
6011
6066
6199
7725
7377
4470
2787
2423
1311
1029
773
610
918
396
433
332
438
179
257
705
1038
479
271
219
359
557
377
5
29
39
534
89
438
693
443
182
261
20
30
20
0
118
166
0
23
24
59
749
300
199
458
639
1031
399
514
668
344
652
574
1187
1363
655
1199
1660
2281
1563
334
44
68
404
124
305
924
794
693
183
396
836
847
543
459
476
27
87
0
174
302
459
111
82
367
1218
1949
3322
2677
2733
2348
2260
2959
3794
3196
2161
1764
2402
1756
935
1306
1785
2273
1868
754
585
1074
1143
927
697
1262
1474
1780
1718
1000
333
768
1428
757
1071
1556
1888
2014
3752
4183
4325
4910
2027
1016
233
103
114
387
320
395
143
0
6
284
450
1209
799
181
70
0
75
20
197
225
473
766
818
515
479
755
970
677
1333
637
595
901
1130
1077
1585
919
531
984
1741
1984
1898
1102
932
767
1012
1056
1308
1005
21
84
0
149
322
206
233
672
297
660
441
551
999
503
564
150
746
520
744
2172
2810
2840
3109
2649
3491
3251
3686
4687
5649
7352
5443
6116
6537
5347
5512
5277
5265
6328
7133
7078
7673
8044
7938
8212
7410
6174
5854
4336
4524
3598
2227
2359
3039
2636
2403
2102
1250
880
663
1584
748
2326
1250
2005
1715
874
1961
1640
2277
1294
1299
996
1085
952
1462
1152
694
376
740
852
369
807
678
583
293
108
227
984
1273
1992
2796
1948
1320
1619
1340
1235
894
2216
2544
3381
2989
2833
1583
902
1257
1302
1023
892
511
781
759
794
1129
1119
2092
1667
1119
484
405
253
151
183
213
328
107
3
44
498
516
1565
1819
113
107
95
305
166
410
979
498
639
1066
2017
2743
2193
1628
1260
832
266
29
212
373
271
675
265
74
314
803
843
864
1463
1523
1660
1636
1760
2229
1899
2233
1948
2642
1887
3355
3317
4021
3095
2446
3655
4957
5115
4449
4175
3399
2687
2374
2643
3961
4576
4035
4579
4590
3428
3055
968
1187
1262
1069
1095
1128
1581
1765
2989
2771
3413
3732
4276
4027
2669
2678
3967
2454
3434
3411
3297
2278
2528
2028
1715
1711
1276
1936
1375
513
310
585
1123
2742
2916
2616
2264
2844
1548
651
23
44
0
549
22
106
82
400
1872
1775
1398
1010
706
1222
853
579
387
653
704
716
720
999
1169
1711
784
700
541
885
1012
1018
971
1191
800
894
2350
3190
2645
3146
2089
1960
2622
3012
2896
2291
2253
1614
1398
1724
1451
1703
1278
1875
233
952
1322
2107
1208
490
208
847
1243
817
728
1633
1653
1993
2354
2475
2492
1575
1662
2051
1692
1464
2318
2012
1905
2863
2084
2373
1711
2380
2428
1861
963
518
808
1037
1497
1074
635
25
114
227
77
29
85
165
392
486
451
191
646
1325
2168
2175
1320
1089
571
488
461
713
501
212
612
250
776
1436
1710
3151
3756
2830
3492
3528
3766
3581
3390
2421
3747
2567
2881
2484
3035
2759
2385
1931
1252
1267
314
1274
1697
1487
1327
1136
729
1806
1968
2259
2053
2794
1796
792
798
620
1458
1432
1325
880
898
1146
986
1678
1417
834
1148
915
1616
1229
1929
1315
1195
1825
1766
1273
293
180
0
196
516
953
973
952
1729
1988
1369
1179
1543
2452
3825
4328
5115
4500
3614
3113
3923
3337
2142
2146
2871
1888
2859
3020
3591
2702
1017
937
1553
1136
836
897
484
385
959
1536
1995
1294
2657
1434
910
2188
2811
2693
4543
5268
6201
6270
5712
6180
5376
5087
3697
3362
2518
2294
1738
2528
2555
1118
576
783
1178
2149
2074
842
862
1288
1068
968
2030
2914
3871
3777
3488
3679
3955
3055
3909
3542
3750
3145
2232
1885
2398
2910
1891
1697
1516
1452
1676
2388
2004
1964
2254
2728
2924
2846
4463
4566
4142
4692
3735
2739
2204
2468
4359
4159
4517
4495
3410
3264
2988
2496
2823
1555
1814
1667
960
1400
940
535
715
659
791
751
683
572
0
139
199
341
179
276
122
376
776
904
783
1349
1919
1783
1811
1229
896
366
373
107
119
596
266
49
131
21
72
7
61
83
21
104
561
263
120
45
64
239
350
439
56
175
242
314
513
797
87
839
1102
689
350
280
154
160
184
31
102
313
160
71
115
113
347
823
1427
1107
1295
2061
2321
2313
2641
4487
4623
4191
4628
4438
2732
3404
3728
4484
4236
5174
4201
3726
3567
4100
4423
4612
3913
4835
3027
4273
2669
2842
3019
3589
4288
5396
6090
6379
4784
3860
5802
4612
4688
3397
2984
2397
1834
2272
2358
2508
1949
2832
3258
3980
3195
2429
2016
1982
1523
932
1515
1677
1982
4248
2295
2558
3728
4565
3302
4274
4467
4447
5614
5263
5061
4752
5367
6128
4516
5418
4776
4716
5195
6176
6230
5806
4281
3628
4784
3385
4171
5246
6193
4831
5386
4642
4306
5592
5211
4671
5069
6112
5690
4671
4418
5332
4019
4231
3710
4044
4624
4213
4190
4792
6431
6481
4361
4615
4570
4705
3782
3606
4544
3712
4091
3307
4413
4900
3355
4250
2541
2894
1806
1179
830
835
1442
1418
1152
1648
2485
1492
1521
2159
870
717
1964
2172
2693
2186
1758
2335
2019
1096
1017
702
3029
3141
2626
2800
4177
4238
5307
4785
4655
4248
2161
3624
3924
2796
3365
3573
1874
1755
1884
3050
2981
3641
3251
4717
5374
4561
4033
5707
5317
5799
5126
5343
5358
5676
4710
4945
4435
5022
5216
4924
6764
6325
6831
7566
7569
7942
6747
6637
6915
6320
6128
5669
6006
7241
8064
6430
6133
4251
5434
4788
4343
3832
3151
4800
4258
3770
3194
2439
1201
2563
2695
1617
2935
3079
2643
2330
2959
3051
3697
2570
2206
3328
3120
2098
1052
1311
411
165
163
0
256
414
215
557
435
304
1191
1588
777
1260
1017
612
799
1501
1225
888
406
791
972
486
1539
1269
1899
1784
1768
2363
2909
3783
4120
4231
3703
3219
2252
1607
2466
2447
2935
3496
5381
4005
4304
4579
5766
5291
3909
3898
4536
4129
4003
4243
5319
4868
6450
5536
4021
4312
6481
7047
6227
4758
2815
3796
2733
2213
1661
2467
3604
4349
3236
2225
1431
2027
1054
1311
1584
1386
1810
3162
1859
1855
1011
932
926
1068
2295
3029
3087
4135
4148
3733
2311
2526
1941
590
893
775
1049
1593
598
685
2253
1376
1150
464
1499
1462
2079
780
1187
1473
1882
3637
4626
5440
4824
4420
4588
4118
4020
3225
3162
3776
3806
2877
3082
4309
2253
943
1528
1584
1429
3466
3116
2535
3330
5221
6350
4791
4523
3754
3804
3607
3769
4755
4099
4193
3840
3838
5356
4678
5386
4564
4233
5028
3930
3344
4109
5243
2949
3169
4458
4879
4196
5341
4920
4279
3814
2713
2197
2570
1915
1637
2275
2536
1950
412
1453
489
504
221
289
172
34
56
76
150
27
180
330
1238
1085
2666
2935
5246
5004
3762
4162
4288
4559
4088
3554
4279
3952
5582
5887
6006
6578
6058
7376
6537
6518
6842
6456
6381
5877
6072
6323
6467
6431
4980
4452
4333
2432
1197
1611
2031
2473
1346
713
413
1332
802
1903
2176
1028
58
121
240
117
677
469
632
595
232
212
824
37
153
184
222
725
1288
918
1553
2518
1776
1235
266
427
241
681
871
915
1131
1100
914
1615
1486
1254
741
148
178
395
940
2278
2879
2434
2451
3177
5315
4570
4336
3935
4277
4056
4897
5762
5966
6252
6351
5768
5778
5850
6784
5869
5644
6518
5235
4648
3817
2356
3820
3385
4260
3772
3400
2535
1937
1675
842
673
1287
1995
3164
2559
2725
3113
4434
4330
5860
6914
6964
7161
8492
6687
5312
4115
4781
4098
3900
4370
3416
4008
3758
4279
1934
840
609
466
583
448
784
579
744
565
643
230
418
826
898
1640
536
367
506
1347
1912
2839
4284
3565
3479
4171
4664
4457
5066
6718
7432
8391
8012
6884
5914
4508
6112
6999
7967
7027
6364
5300
4894
3677
3946
2557
3120
2896
3467
3613
4265
4459
5403
5771
4795
5012
5775
5242
5006
4668
3834
3330
2531
2306
1844
2748
2260
2579
2015
2084
2173
1840
2444
2423
3328
2588
2521
2910
2748
3421
2343
2676
3003
3166
2521
3090
2437
2339
3283
3281
4715
2909
2892
3729
4811
2944
3149
2326
2195
2737
2046
2328
1700
1489
932
1266
1237
1007
1233
1611
1765
1675
817
540
656
228
139
34
136
370
896
1753
1237
1135
1248
790
726
718
1187
1968
3050
3468
3607
3008
2786
3817
3680
4557
5033
3396
3269
4409
3864
3246
3352
2100
1476
1881
2475
2146
1479
2475
2135
3432
1677
1792
1041
741
1128
343
55
33
160
633
1478
708
795
1424
1551
163
139
0
29
149
10
196
30
233
575
250
90
272
461
343
507
2879
3474
5355
7413
6992
7855
6927
7890
6839
6672
7999
8552
8443
7045
6635
5229
4452
3955
3034
2959
3679
4003
2738
5627
2959
2221
648
385
96
481
1468
285
1018
693
1335
383
26
0
255
2
243
1363
814
1483
2557
1362
768
415
932
1804
2005
3394
2245
2655
2795
3046
2987
3076
1612
2172
1340
2298
1379
1192
909
1448
2361
2154
1366
752
730
673
228
137
48
94
13
31
140
554
199
343
725
76
294
0
98
139
0
181
40
224
164
115
21
388
1245
1273
2831
1754
1687
2497
3026
1698
1247
1316
741
456
1004
1102
2098
2309
1323
1967
2546
1820
2095
1152
1002
864
1182
1336
1300
1457
817
408
257
1240
743
796
998
1134
1708
2900
3696
3213
2769
3310
2193
2605
2784
2091
778
0
87
72
127
167
175
560
509
203
252
683
526
95
764
466
623
1330
1314
1167
704
634
1685
385
197
0
39
811
455
1435
1794
824
1050
1509
2178
3291
4011
5229
5744
5276
4379
5018
4862
3587
1243
2165
2067
1997
3110
3835
2729
4094
4203
3711
4004
5554
5118
6407
6804
7795
7451
5471
6452
6685
7357
6926
6566
5877
7120
6242
5421
5812
4920
5062
5368
5715
7088
5034
4525
4996
3326
3875
5515
5925
6132
4703
6167
7434
5692
5512
5206
4947
3853
4680
4344
3832
1938
3199
3318
3545
2922
2928
3343
4158
3112
2141
2284
2087
2039
2800
1378
150
478
438
300
101
243
882
1348
2225
1506
2119
2468
3850
5000
4688
2939
4382
3010
2523
3835
3121
2568
2922
2641
2368
1026
68
23
38
163
985
2276
978
1611
1671
495
543
2912
3310
3789
5047
6131
5046
4609
4160
5400
5560
4693
3003
3374
3001
693
431
186
951
1266
402
28
258
156
239
26
66
97
409
514
599
74
261
74
201
1195
798
267
387
512
0
193
211
68
678
394
257
631
663
334
40
123
301
788
967
490
56
643
1246
713
204
507
241
0
576
158
167
242
36
0
4
209
438
611
43
153
433
49
268
385
425
408
1826
1217
988
1765
1337
340
23
42
11
41
83
411
1210
1485
2226
1840
2353
788
1900
1201
1023
1610
1297
355
262
40
581
255
360
0
93
201
28
170
1257
2936
2504
2061
1945
1778
906
1943
3055
3514
2874
3637
2859
2201
1826
1295
1860
1355
1711
1519
2740
1799
1754
2444
1678
1590
2690
965
406
838
208
327
25
32
43
167
503
137
44
665
2122
1785
3988
5272
6003
5276
3464
3415
4409
4945
5486
6840
6243
6434
6642
6198
4430
3526
3626
3674
2862
3102
3075
1626
2483
2910
3030
1871
2469
2787
2329
3264
5384
6178
5921
6676
6758
7179
7809
7137
7809
8548
8621
8968
9000
8502
8842
7245
7982
8033
8086
7989
7991
7952
6716
7504
7591
8158
6269
7208
7259
7462
7900
7157
7648
4000
3813
3862
4208
4462
5104
5913
5597
5777
6302
5435
4695
4981
4060
4515
5834
6312
5691
5232
3701
3687
3986
4113
4053
4994
4212
4579
4411
5250
5711
4588
6182
5965
4244
4791
5775
6174
6099
4403
5174
4479
4273
2037
2633
3458
3271
959
716
906
832
1220
816
592
717
28
67
27
47
127
90
44
493
906
997
1376
826
977
420
13
81
0
0
3
324
815
1623
2590
2585
2334
2599
2430
1523
1015
1930
810
93
49
118
721
999
124
755
1209
3164
3802
4516
4175
1970
1120
2171
1208
1052
458
1329
1193
952
796
1000
1004
2082
1603
1659
2241
3558
1795
2755
4269
5968
5701
3360
2849
3526
3678
3346
1967
1798
1463
1244
1312
660
1156
2920
959
899
929
1516
2391
2762
1636
678
701
880
1788
1814
1136
1386
2047
2337
1618
3058
1743
2671
2963
2649
1830
2558
5186
4669
6604
8034
7470
6087
5286
