2375
2317
2770
2323
2694
3027
4215
3420
4183
5239
4800
5266
5030
4310
4362
4072
4072
4565
5096
4181
3763
2703
2761
3093
2945
2357
2046
2158
2729
2852
2823
2934
2959
3317
2532
1712
389
583
1008
522
332
587
587
1389
2716
3755
3958
2945
1778
2427
3579
2096
1912
2356
1014
1105
109
74
304
775
837
1101
1177
1341
1394
1239
972
2328
1922
1615
2476
3042
3452
3235
2438
1336
2111
2827
1936
1804
1137
2966
3226
2324
3100
3772
4067
4691
4848
5279
4760
3622
3888
3357
3422
2952
3898
3826
2312
4223
4423
2934
3001
2363
1928
1117
374
24
189
469
2347
1309
1700
776
586
145
2
616
1881
2440
2592
1802
1900
1464
950
1816
2909
2990
4225
4799
3789
3692
2991
3759
3146
3545
3825
3285
3970
4373
4960
5570
4878
5056
5412
4904
4790
4907
4905
5222
5368
5082
4783
4231
4560
4840
4851
5442
5642
5470
5493
5069
4267
4383
3830
3841
4123
4285
4422
4485
4559
4663
4100
4529
4103
4324
4390
4252
4565
4996
4850
4125
2662
2961
1770
2796
2461
3232
4212
3116
3037
3684
2656
3240
2961
3752
3864
5458
5319
4840
5176
4701
4101
3902
4408
4550
5234
5246
5486
5627
4563
3918
4951
4676
4367
4830
3686
4205
3574
3485
2825
2712
2303
3420
2984
2819
2031
2075
2895
3328
2961
2452
3884
3373
3864
4927
5221
5106
5269
5233
5150
5029
5537
4804
5233
4639
4829
4772
4789
4050
4959
3897
4496
5321
5317
4989
5153
5620
5777
5911
6000
6000
6000
5715
4758
4639
3592
3188
2727
1794
1326
859
1464
801
651
717
132
0
128
331
290
93
410
39
199
28
426
22
27
339
137
0
397
727
21
18
83
0
109
1023
1744
1728
2228
1765
1844
2151
2483
2272
2440
792
350
423
1389
2575
2587
1136
2680
3029
3466
5034
4944
4057
3724
3895
3404
3749
3726
2611
2518
2555
2837
2306
2066
1978
1392
737
461
510
648
0
400
753
1193
781
159
475
353
36
489
512
406
668
1306
975
816
1303
2199
1606
688
596
724
911
1922
1221
473
229
179
133
308
37
85
606
474
876
975
742
589
1195
1078
900
543
747
1257
544
457
438
455
1182
1552
2762
2949
1618
2618
1838
1857
2581
2963
3742
3337
2185
1420
1886
2231
2898
2630
2357
2263
3346
3749
4273
3571
4522
5514
5473
5393
5441
5641
5781
5477
5649
5004
4964
5023
5222
5710
5604
5352
5598
5316
4197
4075
3057
3549
3452
3140
3033
3645
3841
4256
3552
3649
2748
3121
1384
1220
1464
3077
2635
2337
3179
3598
4040
4877
5489
5420
6000
5835
5831
5586
5021
5129
5171
4859
5309
5274
5292
4963
4790
4547
4523
4528
4954
4595
3846
5148
5800
5885
5782
5411
5505
5672
5504
5645
5348
5485
5234
4431
4634
5395
4789
4724
4717
5048
5010
4685
4177
2389
1635
2254
2812
3813
4250
4377
4887
4709
5477
4928
4758
4543
3793
4794
4932
4851
5842
5489
5545
5022
4082
3512
4091
4130
4319
5030
4958
5900
5631
5319
5228
5253
4306
4901
4225
3398
4527
4430
4414
3689
4118
4444
3135
1904
2182
3148
3224
2386
2328
2939
2140
2527
2534
2586
1517
1415
1432
822
175
559
772
894
1072
1427
1344
528
147
0
99
288
216
483
97
24
562
386
305
542
460
65
79
22
129
165
212
39
243
259
573
644
1027
546
99
23
386
900
1355
1357
1742
951
865
640
637
110
19
107
428
639
686
26
176
62
14
123
571
1911
2240
1934
2933
2941
3170
2275
1859
1501
981
2928
3515
4583
4591
3868
4353
3761
3720
2759
2276
2526
1450
1414
835
428
200
671
594
102
207
355
474
279
194
457
1345
821
737
747
1141
1693
2106
1324
1776
2213
1606
2723
3682
3142
2850
2619
2373
1861
1462
139
97
259
508
616
1066
603
560
632
391
797
819
28
184
100
276
693
679
807
814
918
1197
1304
2313
2038
2332
2448
2757
3129
3098
1755
1322
1495
863
1307
369
764
123
700
1134
1008
1237
1000
235
595
473
541
317
500
275
534
208
264
448
114
228
1215
1753
1080
627
169
119
300
352
30
23
99
675
567
1396
893
1819
871
802
885
1189
947
604
196
472
53
46
215
317
161
69
90
220
0
62
0
182
0
169
0
233
249
691
596
962
490
598
482
317
235
828
875
795
460
672
1128
1447
1141
1864
1987
2670
4319
4069
3350
3039
2262
1991
2610
2300
2516
1653
1218
1049
1198
885
449
601
96
24
304
496
541
118
144
114
83
16
45
216
594
1289
957
1990
2014
2218
2055
2600
2278
1508
2459
2901
2587
2439
3031
2881
3255
2836
3413
3850
3518
3687
2413
2428
2434
2105
2012
2698
2349
1390
1421
2102
2304
2393
2227
2481
1988
1461
572
630
732
468
279
371
87
75
161
17
50
399
56
24
125
330
822
617
109
88
74
362
457
456
293
427
244
185
22
36
258
17
71
91
43
23
179
791
1888
2335
2416
1914
1900
1252
1088
1773
1675
1219
1166
1779
2756
2945
2953
3210
1691
2780
3596
4494
4445
4239
4414
4426
2654
1991
1637
2110
2513
2179
2323
1459
1386
371
355
438
218
247
497
158
265
820
379
0
133
309
306
413
372
123
142
82
21
30
19
57
0
18
0
66
58
144
295
18
0
13
13
0
92
40
35
144
59
27
9
181
0
100
104
354
714
586
121
38
126
286
366
498
926
1747
1884
1665
1394
1536
1513
2660
2360
1944
818
632
671
626
1473
1358
1354
1844
1802
1667
2031
3527
4801
4188
4009
4598
4176
3995
4084
4737
5345
5411
5302
4698
4124
4279
4785
4622
4073
4907
4363
3870
4508
4155
3356
3249
3460
4323
4322
3911
3818
4084
3825
3533
3844
4100
4443
4263
5003
5137
4540
4281
4181
4657
5182
5049
4140
3479
3320
3268
2996
2514
3138
3138
3205
2949
2995
2953
3860
3128
3326
2694
3397
3097
2817
3621
3048
3777
4043
4225
3669
3228
2210
2613
2482
2412
1154
867
774
19
3
49
114
114
495
780
146
226
167
41
0
77
19
21
0
0
0
0
59
52
54
314
140
67
103
90
181
284
498
1394
1893
1638
2072
2940
3023
3933
3434
3190
3346
3677
3160
3680
4348
4451
4470
4769
4899
3645
3032
3671
4182
4813
4661
5053
5278
5035
4586
3903
4896
3551
2794
2885
2070
2265
2304
1496
628
325
212
391
391
432
821
723
1055
601
1086
787
958
321
58
81
25
89
64
242
287
134
355
1313
2612
2269
1883
2322
2187
1419
2086
3457
3186
1945
1764
611
1084
1138
659
177
629
1099
803
230
245
174
358
316
305
204
269
671
384
207
284
582
0
0
32
106
56
248
471
253
504
393
566
326
46
127
75
258
402
413
218
101
50
0
155
570
414
297
156
389
629
82
101
63
0
13
269
39
0
50
21
216
21
260
1083
1261
1390
1395
2022
1510
834
1425
1169
477
1002
591
0
84
100
40
20
73
427
240
1
5
0
17
37
35
49
271
0
119
387
490
667
886
513
573
691
494
569
348
228
26
0
84
53
22
120
0
207
442
322
477
607
1069
1797
1059
1191
1565
1449
1022
873
1001
1280
1817
1974
1403
1087
1035
1563
2404
2578
2661
1924
1900
2110
886
794
395
358
752
797
517
1075
1755
2240
2194
2442
3169
3937
3989
4041
4170
3858
3564
3062
3903
3487
4755
5013
4194
4078
3660
3922
4198
3463
3444
4017
3080
2822
2534
3090
3224
3695
3888
4192
3414
4001
3950
4322
4010
3393
2811
3183
3265
3657
2999
3149
3268
2345
2659
1359
1905
2705
3239
3661
3361
2472
2459
2215
1261
1441
1378
1195
1563
1567
2083
1269
1422
2219
1885
1890
2314
1821
2468
3198
3521
3029
3613
4532
4921
4693
4163
3611
2916
2042
2279
1853
1624
1199
1553
1787
2349
2660
4094
2372
1860
1289
972
749
1121
784
1558
833
932
1016
441
343
702
881
1483
1546
1449
1116
2295
2114
2222
2390
1886
2239
3181
3871
2874
2516
1868
2013
1804
1964
1894
2157
2912
3672
3602
4532
5024
4709
5511
4868
4885
4776
4604
4615
3984
3072
2824
2598
3375
3588
3037
2944
2794
2719
2444
2953
3416
3150
3219
3796
3957
4297
3238
3370
1969
1337
947
367
661
283
199
566
1136
382
242
529
393
236
41
156
321
664
552
567
844
287
289
728
166
601
586
762
1343
908
1152
2045
2233
1840
1331
1742
1547
1291
1054
560
726
413
171
0
280
434
577
448
532
831
1305
1903
2047
2031
1529
805
1048
1277
1309
1210
978
992
1676
1869
2333
1865
2468
2309
2449
2000
2490
2660
2247
1197
1137
1265
1382
922
994
456
450
181
370
245
6
80
108
237
319
385
538
252
200
390
0
13
10
61
0
117
5
113
189
235
437
775
846
1217
2058
1227
756
1238
661
311
332
210
354
751
407
688
1441
2010
2417
2463
2769
2731
2343
1022
1336
935
385
737
778
961
1025
954
1195
532
687
602
272
360
229
201
796
835
1191
1492
1256
2207
2611
3089
3649
2798
2348
2520
2550
2224
2108
2203
1965
1648
1358
1002
1051
594
596
599
291
365
401
606
1002
992
1000
465
358
184
75
92
58
3
0
165
229
91
47
333
426
194
55
116
181
0
163
423
500
392
610
202
36
85
47
116
255
521
683
748
314
259
872
619
309
26
67
164
128
282
219
15
73
196
665
381
765
955
1274
1070
787
555
263
25
362
348
641
1089
1065
1568
1353
2226
2374
2478
1852
2062
2478
3518
2448
1692
1629
1293
1905
2140
1918
1991
1539
1827
1356
1744
1395
1799
1869
1521
1269
499
1009
337
520
352
410
391
675
197
162
12
101
246
428
673
795
973
793
1391
1928
1847
1853
1145
681
678
874
1457
1422
2559
2673
2720
2729
2567
2350
2026
2006
1968
1539
1415
736
813
720
619
823
334
427
681
811
1825
1080
1547
647
803
1022
1129
712
1232
1779
1530
1992
1732
861
1171
994
1080
818
1208
1645
1920
2632
3415
4116
4527
5070
5456
5266
5402
5177
4718
4803
4025
4561
3925
2962
2114
1715
1526
1619
2133
1061
1707
2083
2674
3328
3275
3211
3639
4761
3803
3785
3228
2421
2934
1901
1334
1111
856
674
270
511
805
708
1249
1282
1310
607
583
695
1029
876
542
822
1242
2199
1654
1520
1406
602
319
428
201
342
322
186
89
15
52
197
194
240
0
82
45
285
232
443
777
944
1167
1194
1576
1446
1466
1286
1022
620
1397
2177
1723
2093
940
722
1269
857
1146
1425
2072
2162
2068
2148
1503
1658
2409
1960
1545
1496
1609
2409
2329
2158
1526
1363
1123
1368
1648
1808
2213
2378
2188
1448
640
716
1096
847
1229
1673
1486
1226
290
230
421
531
850
1874
2334
1868
2331
2077
1791
2100
2141
2880
1877
1750
1554
524
353
111
134
66
187
23
17
124
8
23
100
150
200
176
92
270
393
741
284
234
381
599
0
217
71
96
207
437
454
374
1173
528
1142
1485
1579
1465
1682
1722
1379
1418
2360
1999
2309
1811
1684
2214
2108
1395
1292
942
573
911
1152
1559
1022
1500
932
1298
997
555
423
614
765
567
1574
1600
2053
1442
2290
2594
1203
874
1695
2744
2722
1750
1708
2152
2034
2180
1775
1921
1893
1617
1604
1796
1256
1681
1101
1374
1584
2679
2142
2296
3135
4192
4417
4647
3624
3253
2135
1871
995
1158
908
849
673
1664
1624
1335
600
514
183
318
108
33
0
74
126
301
61
303
154
95
729
969
1205
857
421
306
127
328
628
63
0
15
3
137
262
229
752
717
965
879
927
666
480
266
185
423
128
191
189
519
510
345
531
511
687
1681
1475
2145
2551
3791
3312
4101
4719
5522
5040
5379
3611
3503
2365
2137
1988
2174
1983
1784
1754
1354
1551
1417
1745
1153
1457
1644
1305
1158
1069
905
747
1307
2206
2716
1906
1732
1571
933
1388
1329
1721
1611
742
596
391
245
370
42
14
54
24
16
112
176
433
894
882
1179
1414
1443
1555
1203
1379
1316
1054
466
168
249
719
549
73
43
185
430
678
884
745
1491
1988
2108
2886
2880
1865
660
784
899
640
1259
1270
1165
1246
811
602
139
73
22
107
222
387
360
666
959
1158
1866
1660
1758
1061
1150
1035
743
808
1150
721
578
1126
746
201
269
272
0
10
80
83
117
574
1305
1411
2159
1753
1224
606
712
1043
1232
846
833
1015
909
640
775
450
847
660
1093
1110
1739
1576
1724
2216
3192
2918
2217
990
1395
2210
2463
2140
1457
1277
1060
1222
1678
1356
1633
1127
1109
1065
1141
1274
1084
1682
1738
1750
2996
3666
3919
5125
6000
6000
5254
4945
3771
3830
3943
3926
3092
2496
2397
3378
3807
3964
3576
3435
2799
2091
1767
1782
2128
1057
1507
1872
1628
1948
913
1484
1210
807
1109
1411
1334
1075
1039
938
1377
1704
2169
2562
2405
2101
2200
2275
1822
2368
2286
2315
1196
1539
988
447
408
189
301
287
321
413
222
492
651
595
703
311
259
35
106
199
24
17
193
291
160
57
197
176
38
122
240
48
0
0
18
39
122
537
761
745
984
173
185
483
866
859
1458
1202
986
480
632
628
88
148
82
130
425
850
566
115
268
216
218
161
78
120
236
236
632
10
124
347
931
1108
1689
1140
1518
580
770
1325
1251
1604
2297
1525
1325
547
385
184
269
373
126
213
562
10
133
275
652
774
1308
772
1635
1581
1402
1238
1288
1256
1116
1078
1496
1038
791
1101
1000
1394
1635
1792
2518
1956
1878
2456
3015
662
754
704
795
993
1415
1075
991
1106
720
622
218
242
42
189
403
328
399
435
415
713
1262
687
393
113
538
636
761
408
584
1274
1488
1802
1883
1707
1530
2047
1893
1177
1261
544
123
63
185
271
18
120
44
127
91
19
27
111
98
38
12
41
27
22
70
66
141
154
181
10
23
119
184
315
81
23
73
0
341
377
923
284
509
346
285
125
24
0
106
316
400
507
688
761
735
701
1042
1283
2316
3472
3324
3407
2770
2610
2728
2279
2265
2956
2292
2664
1844
2181
2493
2164
2210
1980
2142
2263
2090
1465
709
222
842
739
1158
1564
803
1447
2048
2570
2111
2371
2525
1933
2103
1416
577
12
11
3
136
496
445
1221
1977
1333
535
585
378
390
287
699
1227
631
509
543
1110
1255
787
1323
1512
1301
786
720
653
516
195
484
444
667
942
956
1656
1330
1131
666
131
44
34
138
67
12
64
37
302
458
180
86
81
724
1205
1612
2170
2151
1748
1615
1769
1218
1584
1207
896
683
458
485
454
260
131
11
80
167
373
262
593
672
1026
926
687
821
597
992
430
337
188
202
337
126
26
18
88
520
526
908
1304
1267
816
706
708
654
435
0
9
203
15
77
54
165
570
726
588
669
1053
1686
2056
1994
2397
2325
2519
2047
1837
1645
1309
2168
2885
3248
3269
4086
4997
4894
4949
4257
4249
2383
2435
1552
1936
2134
2128
2486
2689
1748
2314
1803
1302
1149
971
881
855
133
28
50
247
346
216
834
553
606
222
11
0
11
255
214
158
10
209
196
136
123
423
254
179
344
580
775
138
473
287
291
50
334
757
336
165
220
242
284
542
562
951
1047
1146
1281
997
1039
1363
1718
2216
2244
2453
2693
2155
1456
2046
1349
1447
1474
1418
998
1179
1355
1514
1330
1419
1060
907
929
1072
798
1839
1989
2406
1758
2609
3078
4062
3966
3642
3176
1315
843
782
460
152
109
0
17
123
545
203
136
17
117
10
62
180
433
653
497
829
1499
1826
1826
1294
394
573
912
614
510
498
266
439
580
830
695
762
969
1277
1179
1261
1334
579
437
164
155
381
685
176
85
164
161
95
251
590
523
521
536
419
889
1400
1781
1600
1588
2367
3151
1751
1130
679
876
786
712
838
864
818
560
312
473
435
557
796
584
691
1738
1657
2524
2635
4179
4032
3768
3685
4114
5374
5819
5090
3773
3342
3119
2697
2601
2780
2311
1558
1200
1278
1691
1291
1750
2298
2716
3301
3308
4099
3332
3931
4312
4698
4949
5306
5374
4761
4497
3778
3491
3564
3429
2969
3194
2954
2811
2547
2255
1609
1601
1538
1259
1081
1616
1446
2136
564
89
114
32
34
32
81
10
97
407
479
300
245
101
22
55
113
442
659
1178
1540
1689
1168
559
235
364
5
516
462
376
526
950
1004
1127
1796
2025
2078
1837
1512
1870
1335
1543
1349
1139
880
545
509
212
165
89
168
99
146
143
122
130
346
388
20
28
12
293
58
115
264
41
19
228
852
1285
394
568
268
123
97
52
15
298
252
138
252
254
550
763
476
785
727
970
1048
949
1464
1901
1921
1910
2243
1959
2194
2591
3109
3175
2235
2011
2079
2154
2072
1982
1382
1599
2459
2783
2690
2052
1638
1772
1825
2420
2621
2300
3539
2794
2648
2012
2227
2927
1820
1178
1296
754
1077
1744
1167
1039
1206
668
886
982
820
990
1219
355
283
211
285
50
147
191
694
874
1782
1247
1210
999
1073
1087
711
1152
1273
1708
1477
2261
1925
2166
1942
1891
2374
3000
2956
2879
3651
4049
3045
2392
1446
1131
1612
1382
1497
1476
1477
2181
2246
2155
1529
1962
2905
4213
4139
4181
4457
5592
4116
4240
4703
4319
4451
3580
3227
2297
1816
954
1195
559
526
550
921
1037
526
391
490
1009
1361
367
785
693
572
598
1588
678
584
619
440
711
496
291
149
248
433
850
1636
2154
2447
2608
2956
3539
2654
1823
784
1153
1065
1518
621
967
963
255
154
178
655
489
640
464
362
547
428
346
427
764
1310
1807
2030
2690
3072
4158
2741
3328
4108
4025
4033
4321
3217
1943
1296
1734
1500
1327
883
1335
791
502
858
1276
1086
1775
1302
834
341
291
634
986
1042
1054
1740
1337
1731
1760
1977
1815
1441
2426
2565
2945
2320
2636
3273
2965
3151
3839
4140
3773
3157
3613
3859
4492
3900
4872
4580
4145
3290
3348
2670
2307
3019
3001
2252
2084
2011
2482
2833
2838
3603
2779
2864
2339
3566
2654
3191
3650
2324
2745
2797
3279
2870
2395
1969
2162
1872
1731
2384
1811
2010
2504
2404
2398
1958
2347
1210
829
1448
1945
2516
1508
1606
1002
387
827
676
958
536
490
682
595
597
1067
789
468
486
343
201
119
38
89
290
140
142
132
521
721
1587
1540
1476
743
1052
991
596
836
781
681
889
897
984
1346
1540
1958
1674
1464
1892
2068
2136
2895
4289
3350
3345
3739
3256
1890
2218
2372
1696
2009
1506
1738
1658
2511
2384
2222
2094
1944
1795
1332
674
268
449
1297
804
1652
3757
2796
2031
982
1349
1608
1240
1115
1440
790
532
624
584
408
328
781
432
66
9
98
181
251
682
1078
875
1883
1991
1838
1730
1293
631
552
419
375
297
0
8
72
6
251
236
322
358
358
332
148
182
268
118
238
50
149
80
47
172
167
134
95
43
52
22
0
104
33
148
65
153
162
406
229
509
313
999
686
655
153
201
417
680
499
336
793
1310
1654
1884
1888
2288
2098
2570
3313
2832
2792
2399
2560
2951
3379
2215
2115
1073
1188
841
169
213
112
676
1098
1062
1273
2224
1784
1901
2070
1768
2180
2651
3134
2572
2171
2723
3778
4759
4011
2770
1810
1797
1854
2019
2079
2518
3587
3580
3296
3080
3257
3378
3671
5051
4679
5411
4673
5409
4500
3970
2892
2743
2726
2577
1463
728
497
219
4
4
34
66
53
57
479
603
1035
1688
1311
858
163
17
138
282
93
0
81
254
212
300
466
632
377
483
850
362
236
36
245
104
200
88
137
29
212
192
96
0
226
103
202
501
198
393
754
595
582
775
1010
1144
1535
1375
1456
1223
1303
796
773
347
777
510
570
391
79
11
243
80
144
67
223
315
164
272
430
692
688
655
167
106
89
740
1418
2222
3579
4137
3965
4509
4478
4351
3532
3601
3251
2213
2707
3492
3003
2672
2331
2064
1575
1415
1376
1432
1764
2593
2681
3848
4011
4077
4033
3773
2891
1945
2208
3666
2703
2490
2370
1760
1161
1422
1595
1336
1616
1534
1434
933
1261
1225
1358
1746
1978
1661
2087
1827
2183
2061
1243
701
893
947
890
1050
982
467
781
923
559
483
179
427
968
1345
1457
2451
1747
1891
2317
2190
2805
2801
2392
2467
1915
2050
1712
1326
1039
1161
1256
1483
1096
471
244
185
0
13
169
214
307
595
985
888
970
1063
405
95
101
98
97
222
323
108
234
347
653
624
545
634
280
95
136
69
146
7
78
93
221
969
1011
751
249
152
86
16
162
434
421
197
220
247
243
173
353
127
59
118
230
145
108
172
506
489
277
161
324
401
486
628
619
373
219
480
467
418
268
359
464
362
433
987
642
1236
1260
1634
1985
1839
1759
1617
498
389
795
794
800
486
591
287
345
260
396
424
833
1042
1266
2636
2250
2017
2599
3506
1333
924
848
800
803
586
693
601
779
1377
1564
1571
2262
1401
1765
2385
2616
2827
1976
2273
3147
3848
2560
1723
2135
2125
1735
1369
1128
770
785
791
1052
944
1026
907
549
700
801
866
1161
1470
1866
1331
702
737
611
618
1060
1678
1581
1944
1578
1251
716
799
567
207
198
82
195
96
288
179
352
298
11
60
13
93
95
268
513
640
1543
1614
1457
1211
778
653
737
794
694
182
83
7
47
186
88
67
111
297
373
365
740
676
552
661
1071
1000
625
713
1177
1252
1128
1031
603
924
797
1022
525
695
608
908
1040
1421
1789
2418
2321
2618
3616
2936
3421
2966
3617
3703
3490
3623
3867
3646
3628
3745
3454
3098
3407
2887
3046
3305
3646
3258
2499
2264
2129
1946
2108
2233
2415
2767
2893
2170
1538
1532
1337
647
667
606
714
448
506
188
203
362
317
674
255
213
405
650
1026
621
714
901
353
286
510
222
374
324
316
276
361
655
260
362
467
663
591
1048
1467
1495
1099
1398
1685
1393
783
1559
1312
1284
1869
1794
1828
1449
1568
2135
2393
2222
2619
2653
2164
2540
2881
3534
3533
3759
3700
3339
3459
3376
3585
2354
2065
1363
1736
1755
1427
1039
769
585
386
266
157
260
381
143
10
3
12
47
131
99
37
143
259
276
263
70
348
369
701
824
1106
1678
1684
1403
1259
1487
1719
1033
1347
1671
2586
2933
3952
3924
4331
4086
2339
472
9
41
97
34
163
89
11
41
187
100
57
16
19
100
12
145
0
36
83
110
328
369
448
371
334
267
792
982
924
966
1165
1285
1191
1307
1302
2000
800
1581
2369
3265
2753
2424
2906
3432
3263
3666
2377
2001
1540
2378
2674
2687
2425
2395
2671
2810
2759
2263
1657
2012
3089
4424
4338
5079
6000
6000
6000
5350
5376
5490
4987
4061
3270
3041
3194
2913
2236
3003
2216
1886
1810
1850
1401
959
768
829
620
345
78
26
62
89
232
141
174
87
233
351
349
460
324
384
289
686
325
377
21
109
96
102
10
126
9
288
376
174
255
299
165
134
124
139
317
224
303
627
819
1561
2147
1940
1576
1698
1973
2081
1296
1462
2002
1802
2084
1817
1067
662
1132
1024
1435
1561
1127
970
1110
1200
1535
1683
2083
2310
2479
2630
3364
3376
2658
3068
2537
1529
2331
2529
1861
2133
1019
755
789
979
959
490
269
409
823
1095
969
832
1270
786
1139
1294
1471
1943
2273
1175
994
318
589
142
678
252
10
92
174
596
1393
789
425
599
962
802
1095
1796
1512
1335
1499
1572
1011
1051
1263
1015
712
677
399
411
336
406
364
333
256
123
64
289
271
109
96
109
321
367
401
469
941
568
250
800
569
388
218
160
77
252
55
83
56
218
172
211
79
120
24
13
300
65
233
609
615
352
202
387
419
436
169
372
71
454
291
181
201
58
64
12
61
48
32
5
5
1
73
58
54
107
101
47
13
12
41
74
30
146
260
394
703
543
431
567
709
536
770
810
769
883
797
516
548
265
451
785
234
152
76
7
127
73
177
200
240
351
161
117
166
311
502
826
808
1018
993
1017
1224
1567
1777
1582
1362
722
801
752
1028
1106
1208
1483
1499
1773
2346
1825
1396
1081
955
565
689
917
1379
1426
1771
2317
1747
1015
1549
582
1198
815
507
215
233
7
26
150
455
328
52
39
22
11
142
196
642
466
609
300
239
444
1557
1060
1490
1140
1188
531
336
645
699
1230
1463
1327
913
892
939
950
892
1960
1844
997
1109
2278
2200
2068
1863
858
1348
1070
984
354
339
322
109
116
65
72
87
166
49
110
63
0
226
541
957
952
1292
1125
1224
1484
797
657
320
26
82
243
205
120
240
587
346
580
370
191
0
0
301
860
372
542
230
42
52
19
20
201
239
513
363
420
876
520
218
21
192
409
79
96
131
434
688
120
140
447
217
120
28
54
32
56
71
45
17
198
472
822
476
677
1135
1270
1435
1997
2804
2705
2951
2144
2350
2325
1745
1380
1428
2123
1783
841
692
617
732
409
784
744
719
646
645
765
654
445
888
1340
3019
2555
2967
2474
2327
3760
3659
3223
3442
2871
2108
1542
1544
1060
1355
1181
900
778
872
594
464
466
353
677
875
774
461
349
12
0
125
63
200
938
294
307
82
649
750
869
1374
969
1103
538
1223
1685
1508
1666
1438
754
1013
997
1484
1275
1630
1828
2311
2329
2010
1770
2013
1965
2308
2069
2058
2590
2355
3030
3115
2711
2121
2101
2652
2604
3132
2887
2184
2159
1142
1193
1685
1043
1156
1592
968
1284
1677
1433
1019
1226
965
960
1197
1156
1376
1572
1881
2643
2006
1814
1225
1740
1449
1073
889
579
107
391
257
178
66
23
45
63
16
8
51
58
8
48
58
369
744
567
982
1030
1820
3259
1885
1357
1592
1297
600
394
754
1188
1459
1941
1880
1972
2803
2697
3028
4272
4817
4454
3910
4518
5206
4104
4032
3844
2597
2193
1758
1418
1312
1225
1306
1178
701
1155
927
445
659
689
769
1155
1382
1236
1230
870
924
1207
826
1099
1424
1289
895
639
761
949
531
227
100
28
4
121
153
109
21
9
9
109
12
71
63
1
257
0
14
22
20
45
26
76
51
32
70
17
40
92
114
280
59
18
261
414
390
251
270
322
532
1019
715
259
153
36
86
191
157
316
181
63
111
132
345
387
477
689
910
502
1362
1217
973
502
400
537
763
719
696
600
149
77
149
308
318
76
105
127
221
313
301
264
499
230
179
119
29
281
290
326
574
739
240
315
233
862
1208
954
1151
1158
1363
1367
1152
1401
2232
1539
1296
2391
2837
3847
4709
3742
3623
2469
2130
2345
1720
1769
1723
1837
1495
1107
812
578
336
552
583
1298
1029
1492
1741
2085
3089
3782
4327
4004
4259
4256
2676
2144
2329
1464
1634
1983
2160
1727
1274
755
624
911
808
372
315
714
584
1444
872
784
1888
1435
1694
2785
2631
3562
3323
2908
2986
3508
3094
3544
3312
2888
2869
2925
2630
2338
2547
2942
3489
3288
2581
2919
1982
2100
3488
2038
1108
1038
491
292
371
133
4
56
8
6
0
35
45
54
73
144
235
547
487
285
457
512
256
39
28
13
73
1
115
104
185
324
424
306
175
183
207
254
541
1513
576
356
918
1272
913
1044
1239
1493
1195
1173
1307
938
482
439
356
691
889
960
962
692
425
481
403
125
322
63
88
92
381
439
161
124
9
37
7
22
62
53
167
220
564
669
643
417
633
940
1162
1367
1564
2168
2246
2539
2926
2223
2330
2542
3036
3117
2074
1185
1122
1048
1586
1916
1891
2304
2560
2164
2946
3062
2203
2592
2392
3288
3666
3269
3033
3400
3328
3510
2246
1672
1168
1260
1081
1365
1460
2164
2515
2531
2951
3022
2855
3106
2864
3514
3404
2739
2830
2041
2931
3709
3321
4017
4186
3914
2703
3132
2638
2418
2502
3527
3435
3650
3513
2959
2356
2914
3281
3204
3900
4419
4812
5735
6000
5872
4433
4570
3833
2430
1366
1424
1183
857
940
1057
754
1048
1201
915
979
1190
1042
437
542
324
123
375
469
496
646
1036
328
396
758
1025
810
980
563
552
271
421
840
874
488
1484
1151
1994
1973
2182
1797
2227
2337
787
1984
2192
2071
1445
1607
2078
2857
3461
3853
4011
3297
2961
3312
3313
3236
2636
3323
3557
4908
5175
4682
4312
3723
3243
4483
3952
2855
1799
1337
796
1454
1334
1176
1336
1471
1635
1809
1626
2207
1736
1516
1884
2098
1614
1893
2873
2743
2896
2610
2295
1278
1661
987
1181
536
327
868
1000
702
838
438
185
319
500
462
486
606
809
444
522
531
505
1384
1647
1907
1179
1053
804
1053
1248
1283
1090
652
864
383
384
384
665
718
548
452
414
426
189
138
299
971
1195
1026
612
124
44
273
629
882
1359
1222
1072
1138
1020
1086
1476
1739
2169
3037
3397
3393
4134
3858
4343
3751
3132
2711
2323
2310
2054
2748
3040
3086
2991
3363
2959
3239
3109
2817
1909
2437
1400
965
1338
1439
1768
1783
2831
2380
2772
2481
2436
1707
1119
958
1094
1020
789
769
593
788
530
595
552
737
982
896
660
993
1517
1237
1993
1228
1024
740
755
633
552
303
166
79
175
30
8
6
136
391
53
11
189
460
435
820
608
156
217
139
149
143
177
51
25
80
0
40
35
105
35
114
48
13
153
22
170
725
484
296
667
488
857
1508
1057
1596
1580
1638
1154
808
1141
825
528
469
116
478
542
514
1349
1863
1936
2761
2430
2278
2906
3936
4097
3769
3709
3452
3083
2498
2125
1804
1958
2698
3363
3324
3338
2511
2349
2129
1575
2246
2048
2961
3160
3571
3689
3043
3243
2663
2404
1743
2339
2005
1279
1129
1009
1317
788
773
611
969
1483
1800
2022
2243
2844
3166
2994
2995
3134
3996
3931
4735
3855
3912
2562
2001
1317
1758
1346
1520
1224
1520
1382
1164
1257
1853
2134
1662
2272
1837
2479
3401
3189
2960
2535
2124
2194
2308
1767
1432
1324
1708
1971
1206
829
588
637
797
724
968
508
714
1107
1032
651
938
1571
1237
1395
1646
2499
2515
3267
2691
2305
2662
2554
2860
2980
3306
2585
2195
2529
2414
2770
3062
3920
3982
4735
4747
4735
4296
4369
3964
3766
3544
3365
3198
2593
2269
2143
2050
3188
2978
2200
2354
2046
1910
1889
2157
1801
2243
2581
1759
2005
1344
1330
1186
1137
1062
1130
987
950
896
702
592
132
51
57
0
80
178
365
776
1002
1547
1031
1413
1371
1356
760
335
16
0
0
152
32
7
14
0
35
184
329
487
1383
1225
752
1186
903
1566
1209
1284
1366
1939
1444
1580
1259
1259
1271
930
297
287
334
636
719
860
1017
1161
855
560
441
493
712
1079
785
1012
760
1703
1541
1537
1755
1014
889
1366
1659
1490
1883
1885
2437
1563
1494
1596
1239
1002
1482
1410
1251
707
1388
1073
1349
2752
3284
3737
2516
2474
2773
2502
2047
2316
2331
1853
1183
591
333
295
471
861
1446
1523
2123
1724
1746
2138
1787
1421
1834
1440
1677
1690
1106
1148
965
1033
516
790
991
623
388
595
776
461
283
296
149
567
587
583
501
269
437
1356
1016
832
388
534
649
543
456
483
471
601
762
570
628
588
348
308
299
1189
991
1079
940
1622
1609
590
1041
1487
654
662
176
76
10
24
287
1282
1318
817
1454
1595
1598
1349
1392
1793
2403
2989
2772
2337
2947
2809
3607
3046
2761
1380
1563
1551
1606
991
1181
1320
1918
1550
1481
1803
1850
1874
1711
2017
1983
2308
1694
1491
1135
565
351
437
148
39
151
45
206
0
0
25
6
71
24
87
205
203
329
230
379
881
1150
1470
698
986
427
701
477
472
510
642
825
710
479
779
565
447
342
320
792
903
571
463
471
599
760
409
467
851
1088
836
821
656
1006
1102
1813
1187
936
1345
1399
1149
125
280
554
145
322
392
667
1201
1430
1214
917
179
444
500
114
71
83
94
87
70
279
210
221
517
292
428
324
263
771
962
843
1398
1460
2388
1662
2214
2652
2679
2913
2656
2005
1512
1298
1686
1559
1314
977
899
521
693
330
664
490
1378
1823
3198
2791
2102
2286
2415
1872
1569
585
350
392
227
204
226
355
524
574
558
748
1370
1654
1423
1334
1895
2008
1431
1328
2071
2126
1763
1953
1883
1232
1092
1334
1928
1591
1681
1368
1490
1709
1333
1014
817
756
555
444
594
1312
1570
1038
940
620
1340
1519
809
710
1451
655
642
696
795
358
333
190
28
104
22
53
151
297
327
460
450
253
605
402
374
537
735
1466
732
1516
912
285
571
529
678
1114
1145
1654
1840
1504
1158
1209
1205
1962
2422
3582
3177
3004
2471
2221
1740
1358
1483
1856
1867
1659
1404
1698
1886
2064
1500
1841
1217
1446
1284
873
795
1623
2557
2521
3559
3070
3924
3127
3654
3702
3167
3318
2911
2966
2358
1169
1065
1147
1077
1321
1427
851
1177
1640
1571
1563
1839
2226
2231
1782
2250
2728
2334
2157
2377
2487
2742
2373
2481
2572
2045
1816
2388
2599
2037
1985
1950
2167
2598
2456
3360
2881
1948
1332
994
1314
1072
713
822
615
952
941
1168
683
649
715
416
980
976
466
318
169
571
511
783
1142
927
939
706
273
257
166
50
207
93
157
64
11
39
81
221
473
664
491
560
626
562
411
356
33
137
268
910
890
760
876
1171
790
468
504
496
723
230
494
356
75
9
12
74
48
242
397
581
484
1064
2280
2725
2556
2416
3162
2654
2607
1971
2451
2060
1807
1538
2366
1846
2422
1889
1384
1328
957
1095
1005
869
689
440
447
532
670
1127
1189
1182
863
983
1028
1002
783
1424
1182
1168
946
633
753
434
220
79
6
52
90
33
166
296
212
255
227
527
801
550
1006
907
839
945
1457
1552
1780
2494
2376
3317
3689
4009
4500
4978
3961
3422
2364
2615
2564
1356
1807
1366
788
1188
1341
1784
2670
2233
2337
1939
1833
2764
2643
3040
2894
4005
4005
4521
3572
3237
3267
2615
2706
2503
2353
1828
1619
1933
1682
1839
2104
2915
2962
3458
3560
3210
3426
3880
4147
5233
5977
6000
5807
6000
5814
6000
5731
5866
5401
4503
4121
3742
3115
3116
3166
2687
2993
3084
3029
3064
3238
3308
2707
2999
3798
2922
1954
2956
3466
3240
2953
2467
2135
2086
2090
1336
1927
2327
2100
2352
2673
2777
2547
2906
3120
3146
3334
3772
3939
4321
4561
4854
3715
4259
3929
3920
3424
3084
3395
3459
3203
3219
3556
3811
3788
3575
2983
3113
3380
3514
3758
5173
5940
5928
5640
6000
5958
5414
4589
4365
3785
3601
3354
3074
3093
2855
2697
3109
2695
2521
2374
2186
2038
1594
2715
2132
1735
1522
1860
1076
1428
1560
925
1503
1308
1095
990
440
339
236
163
360
485
130
15
35
173
380
448
507
151
62
489
388
513
795
1429
1952
1458
1547
951
917
1211
1450
1276
571
573
834
698
619
473
449
191
207
145
307
115
568
494
331
277
173
328
744
451
523
1027
782
645
855
880
1112
1178
1376
1115
1612
2620
2229
1914
1503
1285
589
484
328
165
69
113
214
354
801
1081
1351
1176
907
598
969
527
877
1480
699
914
1143
1212
2288
2131
2879
2735
1804
1130
638
712
546
69
17
47
0
148
65
80
0
184
65
77
231
487
1000
633
1121
1275
203
123
268
748
221
52
110
118
199
577
357
318
12
146
235
809
355
124
105
144
124
109
263
773
689
879
807
1714
2141
1498
841
1182
1166
1617
1002
454
525
246
423
634
832
1065
938
1099
1657
2029
2346
2474
3351
3404
2686
1792
1492
781
867
626
692
855
1151
971
1129
1191
863
953
1478
1420
758
619
957
1444
1189
703
134
48
14
222
175
552
857
959
823
1009
352
277
297
23
159
496
113
69
14
30
278
171
115
118
106
75
174
455
480
421
560
585
999
628
91
114
276
649
418
3
120
279
390
317
226
282
470
422
44
20
194
212
352
829
532
66
101
121
249
141
250
114
14
124
591
696
1358
1110
1296
1223
746
1241
2195
2033
2201
1542
1642
1392
878
1593
1346
2062
1280
456
193
433
291
516
976
1358
1402
1254
1510
1179
770
794
1148
1170
1954
2231
2372
3084
3462
3711
3527
3901
2094
1567
1137
608
135
83
160
337
172
204
9
204
391
620
631
141
15
13
93
144
264
301
476
505
541
292
480
706
926
495
556
355
286
280
374
622
902
483
242
584
1001
1386
1544
1375
1014
1371
1226
2361
1932
1380
1151
1056
670
913
1153
1268
1178
1664
1033
1233
856
1112
1309
1206
1537
530
671
747
1065
2416
2376
2038
2105
2135
2762
1825
2301
3243
3517
4193
2492
2670
3160
1631
1737
1737
1875
1864
2652
3153
4007
4224
4292
4567
4919
4462
4145
3426
3757
3965
3273
3506
3472
3408
2505
2483
1858
2068
1756
2435
2088
3593
2581
2894
2010
1062
1837
1526
2137
1433
1658
1563
1957
2089
2788
2597
2337
1902
2400
2219
1753
2370
2413
2402
1831
1856
2097
2776
3700
3721
3605
2999
1811
2283
1768
1097
849
1399
1481
1565
1532
1489
984
903
1036
1318
1562
2261
1570
2284
1867
2142
2126
1836
2377
2381
1710
1226
1159
980
1009
1260
1144
1386
1155
963
728
1246
1196
2106
2845
1664
1240
1105
1805
1470
1701
2595
2311
2266
2694
2810
3153
2848
2722
2494
2035
2289
1114
929
726
339
621
135
62
453
1064
1248
1399
1783
1721
2016
2124
2324
2141
2057
2147
1947
1641
1367
2413
3420
3751
2937
2448
2270
2348
2841
3120
3780
3932
3738
3747
3189
3771
3968
3372
4089
4241
3639
2985
2085
1433
1714
1680
2324
2419
3169
2622
3399
3268
3072
2460
2774
2941
2126
1774
2362
1127
1990
1562
1240
1355
2099
1626
1389
1183
1252
1601
1693
1006
1280
1478
1798
3715
4181
4480
4518
4876
3477
2115
859
765
413
850
188
64
89
494
1848
2161
1437
740
617
1051
1273
827
505
481
369
151
192
182
215
272
35
237
218
425
671
1106
1196
1658
1006
845
1519
1824
1339
1654
1396
1459
1638
1552
1450
1314
1834
564
222
408
207
491
348
368
34
732
1130
1701
1213
908
844
1920
1696
746
320
527
615
630
1130
1321
1092
672
771
801
609
727
644
921
852
700
679
643
299
786
867
900
418
156
486
527
869
482
58
24
176
249
82
66
24
19
141
463
84
50
159
650
1469
1462
1145
1606
1877
1721
1228
812
854
474
994
641
836
1726
1487
2422
2304
1336
1086
851
630
397
559
279
621
884
1430
1019
1731
2040
2130
1702
1483
1499
642
1499
1738
1705
1516
1474
1065
1830
1770
2171
1737
2052
1572
925
1173
1186
1025
1116
963
305
427
554
412
773
569
563
954
1018
1225
1448
1484
1005
934
1255
1108
988
387
287
54
147
190
407
143
58
279
336
19
0
40
261
470
71
394
101
98
111
261
156
160
728
1211
993
2048
2513
2740
2185
1417
1429
2275
1559
1014
1178
728
910
1598
2172
2932
2441
3304
1611
1436
1755
2219
2427
3313
4066
4262
4082
3408
3977
3320
3240
2237
1832
1485
1487
1180
1837
1611
319
322
465
623
1395
1296
351
694
1548
1510
1264
1756
2529
2617
2014
2744
3350
3304
2709
3525
3908
4065
3925
3305
3275
3647
3533
3131
3016
2789
2291
1797
2205
1971
1595
1599
1989
1632
1406
2442
2583
2356
2633
1983
1660
1477
1130
2033
2334
3311
2680
1474
1790
1990
1424
1787
1111
1081
785
400
911
845
657
359
617
582
509
286
113
14
94
116
230
222
469
191
264
192
254
184
413
465
730
479
77
101
52
150
64
83
361
132
188
195
170
50
46
58
82
9
24
193
229
429
22
15
52
47
376
193
68
19
42
357
353
2
243
631
623
328
672
357
128
120
22
53
166
26
198
345
122
176
480
681
276
238
702
792
1312
842
2054
1803
1291
1895
1787
1231
717
427
920
1472
2155
2343
1812
1924
1830
2241
2902
3029
2433
1841
2568
2146
2439
2413
3010
3969
4874
5672
5602
4298
3574
4126
4001
3633
3201
3454
2352
2484
3449
4074
4319
4219
4332
4467
4752
4664
4907
5064
4750
3572
2742
3600
3527
2885
3415
3539
4086
4225
4597
4307
4838
4570
4355
4684
4280
3665
4014
4183
4088
3900
4213
3971
4088
5026
5012
4200
4488
3084
2530
2227
649
630
581
763
168
166
285
772
2130
2273
1990
2580
3154
3079
3152
2542
3172
2687
2686
2369
1867
1839
1378
1476
1941
2742
3406
2674
3190
3189
3495
3344
3394
3474
2822
3318
2704
3471
3465
2035
2090
1246
1714
1020
511
583
273
402
208
867
1212
1131
394
420
672
339
464
1583
1422
1991
1804
908
1384
1267
517
298
276
1456
1054
271
354
442
874
1874
2038
1048
831
536
1152
1557
1698
1759
1637
726
823
807
1077
1268
2099
2057
3174
4177
3841
3458
3853
3337
3866
3356
4261
4058
4248
3487
3709
2763
3449
3622
3913
5132
4680
5024
5771
5005
5431
4288
4659
4722
4068
3999
3941
4085
4939
5476
4469
3483
2127
2284
1930
1475
1188
1260
1878
2063
1643
744
1238
1343
2004
1706
1420
1733
1449
1708
1859
2938
3379
3546
3636
3621
3885
3875
3290
2574
3123
2205
1440
968
565
164
341
307
302
560
447
818
1408
965
2128
1580
1244
1262
1954
1574
1398
726
1346
1150
536
1118
1494
2191
2177
2377
2143
2265
2048
2408
2083
1092
919
257
95
195
326
805
1120
1953
1496
2007
2306
2791
2765
1550
1393
1935
1972
1800
1480
2079
1325
2541
2351
1576
1612
2955
3368
2458
2498
1722
2443
1044
1081
599
1437
1884
2171
1772
1196
368
337
128
159
429
530
460
775
729
601
529
665
492
602
2118
1618
1839
2310
2675
2342
1635
1984
1141
222
353
256
157
409
46
0
314
167
88
95
643
521
549
208
322
245
1109
1838
2460
2574
2727
1986
2262
2367
1966
1888
1849
2609
3314
1937
2228
3992
2706
1426
1643
1092
743
1198
651
227
223
648
715
77
45
64
45
34
24
289
66
302
277
233
683
251
748
606
505
668
391
471
852
1214
357
588
746
880
1310
1706
1476
1804
1594
1150
980
692
244
14
565
487
298
21
751
391
354
94
266
78
12
54
24
25
21
204
605
783
1027
1283
1456
3311
2612
2284
2726
3533
3968
2980
2186
2330
2226
2759
3648
3435
4004
3798
4304
4297
4403
3995
3508
3405
3320
3299
3477
2588
2666
1573
1437
1567
1094
246
589
728
1070
569
251
153
504
201
498
438
445
120
87
360
354
719
297
290
238
294
454
733
276
145
162
203
299
687
276
303
461
210
119
28
152
59
465
549
1166
1050
1006
717
926
616
528
633
181
78
226
770
1533
1553
1141
1301
987
2000
1975
1752
2405
2590
1986
3382
3269
3468
4203
3809
3931
3550
3273
4437
3846
3222
3127
2379
2599
2393
1698
2138
1533
1703
1539
1625
1192
1108
472
468
429
535
1314
1697
1121
1228
1918
2718
2583
3221
4113
3976
4049
4891
4160
3271
2813
2863
2406
2152
2591
1968
2251
1457
1729
593
553
644
362
365
232
341
372
576
724
647
532
908
1040
562
1531
500
311
728
1375
1335
2417
3334
3248
2968
4360
4314
4693
4882
5529
5875
6000
5819
5247
4985
4307
5047
4836
5144
4402
4448
3312
3758
3914
3625
2474
2671
2536
2875
2936
3375
3566
3421
4298
3794
4471
4986
4729
4557
3944
3111
2780
1887
1554
1132
1786
1322
1120
562
491
620
479
792
754
1575
1590
1233
1687
1945
2431
1830
1513
1344
863
681
698
933
520
850
936
1746
820
1221
1733
1842
1321
1603
1851
1517
1914
1951
2431
2468
2927
2406
2212
2316
1833
1429
1891
1800
1754
1395
730
1073
472
214
129
492
626
648
700
572
729
1245
1309
896
302
538
871
990
786
469
373
110
411
248
731
1359
316
111
171
305
445
649
524
403
957
1207
1297
1385
1889
1846
2540
1763
1590
757
344
242
78
0
23
67
387
734
373
41
538
215
0
0
0
17
125
0
167
177
237
428
343
287
931
812
1091
771
2082
2065
3804
4423
3697
4090
3773
4652
4267
4581
4140
4746
5464
4851
5162
4809
3956
3537
2226
2200
2939
3763
2040
2935
1528
896
1
136
209
334
826
97
345
38
265
20
8
18
147
4
181
1074
1089
2048
2190
2007
1769
1450
1841
2360
2712
2581
1887
2027
2226
2932
2784
2615
1788
1644
1358
2224
1352
877
600
940
1518
1857
1761
1293
1770
1339
417
1130
956
1467
1252
876
1184
1861
1617
1545
1489
837
946
901
988
524
401
376
534
687
726
561
6
104
119
276
713
500
521
865
1214
497
602
489
447
351
471
227
773
907
808
972
781
137
295
326
725
572
1282
2030
1722
1487
1294
483
38
631
659
817
661
766
1644
3069
3131
2688
3318
3493
2945
3868
3243
3223
2618
1016
655
333
118
284
177
430
417
270
101
314
547
346
1356
1078
1660
2366
1681
1521
1279
626
1149
158
130
188
260
1285
897
2175
1957
596
697
427
679
1382
1781
2383
2987
2650
2856
3600
4431
3739
2297
2648
2538
2849
3208
3463
2358
3064
3362
2890
2267
2856
2151
2155
1988
1995
2173
1531
2043
2583
3713
3292
2752
2708
3494
3555
2074
1798
1974
1955
2365
2749
3546
2051
1697
1804
599
704
1358
1954
2159
1094
2286
3943
3205
3682
3695
2651
1935
2623
3092
2450
1972
2863
2321
2596
2331
1783
1831
1961
1509
742
611
387
436
903
97
21
162
45
61
85
69
53
366
624
871
1828
3033
3757
4604
4202
3501
3684
2536
2928
4254
4019
2991
3709
3437
2926
2065
1103
1199
799
535
1307
2143
1073
1372
2079
1268
1324
2869
2978
3624
3346
4191
3535
3100
2879
3784
4041
3079
2120
2124
1641
471
322
408
618
924
466
24
202
36
328
96
93
103
40
107
45
91
29
16
20
264
154
186
333
399
0
96
330
178
189
247
74
329
368
53
61
100
196
191
416
65
22
449
670
238
114
153
114
136
752
530
115
196
22
0
35
72
212
24
100
112
111
22
94
435
218
425
963
837
834
763
744
68
17
51
75
71
73
342
411
486
1064
530
496
155
613
1130
614
524
339
67
255
121
516
828
812
642
917
841
538
612
1057
1700
2226
1777
2272
2625
1549
2305
3497
3546
2902
3453
2796
2533
2848
3186
3287
2890
3544
2791
3062
1430
1250
2061
1575
1635
1721
967
501
292
24
163
7
39
189
291
481
50
113
492
1678
2359
4636
4326
3802
2903
2407
1778
1856
1277
2292
3057
2046
2146
2211
1979
1172
1261
1237
993
468
622
299
44
176
516
373
185
500
380
438
383
1147
1205
2394
2354
2481
2989
3611
3461
3671
3901
4314
4184
3674
2742
2882
1117
1095
1051
1702
2022
2030
2173
1376
1310
1618
2508
1683
2025
2075
1794
2813
2167
2502
526
1171
1693
2060
1494
1971
1721
1660
1943
2741
2180
1529
1011
1177
1110
1914
1940
1534
1988
1737
1233
1757
2037
2301
2794
2577
2520
2595
3548
3614
2791
3996
3674
1962
1869
2046
2975
2452
1362
2076
2249
1563
495
442
873
1061
440
714
872
792
1129
1015
1196
1632
1148
333
158
61
200
116
48
173
403
278
703
887
322
78
9
75
0
44
43
220
304
108
535
370
125
410
813
438
429
550
124
98
49
350
740
1143
833
1695
2064
2875
2895
2353
1545
190
54
561
120
497
520
1276
921
437
442
493
243
746
155
169
129
180
0
157
463
666
585
109
25
140
16
318
30
338
279
376
236
77
249
576
7
45
0
43
37
40
97
34
183
399
392
573
370
428
545
902
394
644
135
367
185
475
189
415
1180
989
2695
3219
2873
2457
2720
